9.988553777777777753e-01 2.897959999999999980e-01 8.210308444444444076e-01 9.122761777777778081e-01 7.354724444444444842e-01 1.594282666666666792e-01
6.149937777777778058e-02 6.019199999999999724e-03 7.861155555555556299e-03 1.278373333333333341e-02 2.117137777777777785e-02 3.001822222222222392e-02
3.436746666666666561e-02 3.876444444444444512e-03 4.145244444444444107e-03 6.477244444444444846e-03 1.033573333333333288e-02 1.637813333333333274e-02
2.418453333333333427e-02 2.955111111111111046e-03 2.957511111111111105e-03 4.513688888888888785e-03 7.033600000000000095e-03 1.089786666666666716e-02
1.913191111111111134e-02 2.440888888888888709e-03 2.365155555555555414e-03 3.552000000000000036e-03 5.443911111111110826e-03 8.289155555555555860e-03
1.609768888888888846e-02 2.118311111111111089e-03 2.005244444444444565e-03 2.975911111111111118e-03 4.504000000000000191e-03 6.768355555555555757e-03
1.405600000000000079e-02 1.891911111111111007e-03 1.761333333333333284e-03 2.588533333333333224e-03 3.878666666666666547e-03 5.769155555555555322e-03
1.257662222222222237e-02 1.721955555555555609e-03 1.583733333333333304e-03 2.310133333333333396e-03 3.437066666666666655e-03 5.060799999999999847e-03
1.145448888888888836e-02 1.590666666666666661e-03 1.447733333333333251e-03 2.099466666666666669e-03 3.101866666666666748e-03 4.526755555555555914e-03
1.056835555555555618e-02 1.484888888888888890e-03 1.340977777777777871e-03 1.933244444444444550e-03 2.839111111111111262e-03 4.117333333333333088e-03
9.850044444444445296e-03 1.400177777777777792e-03 1.252088888888888869e-03 1.798755555555555524e-03 2.628266666666666512e-03 3.797511111111111139e-03
9.249066666666666547e-03 1.323644444444444478e-03 1.180000000000000059e-03 1.686133333333333408e-03 2.452444444444444593e-03 3.525333333333333444e-03
8.746755555555554840e-03 1.264355555555555545e-03 1.116800000000000041e-03 1.592088888888888894e-03 2.306222222222222094e-03 3.295911111111111090e-03
8.304799999999999335e-03 1.202133333333333352e-03 1.063555555555555652e-03 1.510311111111111056e-03 2.180444444444444487e-03 3.111022222222222140e-03
7.934222222222222717e-03 1.161155555555555639e-03 1.017688888888888810e-03 1.439733333333333273e-03 2.074577777777777705e-03 2.944177777777777592e-03
7.591377777777777794e-03 1.109244444444444470e-03 9.761777777777777857e-04 1.378488888888888906e-03 1.979199999999999970e-03 2.798044444444444320e-03
7.298222222222222437e-03 1.073866666666666676e-03 9.389333333333333515e-04 1.322933333333333253e-03 1.894577777777777883e-03 2.675377777777777563e-03
7.037955555555555805e-03 1.043288888888888781e-03 9.067555555555555265e-04 1.274044444444444356e-03 1.820711111111111011e-03 2.559288888888888985e-03
6.793688888888888694e-03 1.005955555555555552e-03 8.761777777777777403e-04 1.229866666666666565e-03 1.752711111111111093e-03 2.457866666666666706e-03
6.579911111111110683e-03 9.783111111111111348e-04 8.492444444444444390e-04 1.189866666666666677e-03 1.693955555555555579e-03 2.371466666666666775e-03
6.382488888888889107e-03 9.528888888888888608e-04 8.247999999999999906e-04 1.153422222222222262e-03 1.637066666666666705e-03 2.289600000000000142e-03
6.205244444444444306e-03 9.328000000000000137e-04 8.015999999999999688e-04 1.119288888888888894e-03 1.588355555555555614e-03 2.211288888888888766e-03
6.031466666666666400e-03 9.026666666666666346e-04 7.812444444444444124e-04 1.089688888888888825e-03 1.541422222222222152e-03 2.139644444444444363e-03
5.876088888888888508e-03 8.796444444444444189e-04 7.621333333333332825e-04 1.060977777777777787e-03 1.499644444444444419e-03 2.079999999999999818e-03
5.735466666666667011e-03 8.636444444444444637e-04 7.438222222222221720e-04 1.033511111111111175e-03 1.460622222222222140e-03 2.023822222222222168e-03
5.604355555555555653e-03 8.473777777777777992e-04 7.270222222222221973e-04 1.009777777777777844e-03 1.422666666666666697e-03 1.970844444444444597e-03
5.482133333333333303e-03 8.316444444444444448e-04 7.118222222222222615e-04 9.867555555555555195e-04 1.388711111111111136e-03 1.919822222222222242e-03
5.364711111111111069e-03 8.134222222222222375e-04 6.962666666666667134e-04 9.656888888888888467e-04 1.358311111111111047e-03 1.869955555555555520e-03
5.252088888888888953e-03 7.945777777777778168e-04 6.832000000000000182e-04 9.452444444444444956e-04 1.328977777777777796e-03 1.825066666666666721e-03
5.148355555555555844e-03 7.804444444444443929e-04 6.696888888888889160e-04 9.267555555555555789e-04 1.298666666666666719e-03 1.785955555555555647e-03
5.050844444444444435e-03 7.671111111111110969e-04 6.575111111111111434e-04 9.084444444444444685e-04 1.272799999999999930e-03 1.748977777777777813e-03
4.959466666666666364e-03 7.536888888888888978e-04 6.463111111111110880e-04 8.918222222222221916e-04 1.248266666666666578e-03 1.714577777777777845e-03
4.873155555555555227e-03 7.416888888888889314e-04 6.352000000000000441e-04 8.759111111111111394e-04 1.225155555555555460e-03 1.681511111111111097e-03
4.792088888888888613e-03 7.302222222222222751e-04 6.250666666666667174e-04 8.604444444444444944e-04 1.203199999999999973e-03 1.649777777777777787e-03
4.714933333333333303e-03 7.205333333333333555e-04 6.144888888888888753e-04 8.468444444444444890e-04 1.180711111111111067e-03 1.618666666666666691e-03
4.640088888888889256e-03 7.101333333333333196e-04 6.054222222222221689e-04 8.327111111111110651e-04 1.161688888888888840e-03 1.587555555555555595e-03
4.567022222222221969e-03 6.993777777777777796e-04 5.963555555555555710e-04 8.191999999999999629e-04 1.143022222222222226e-03 1.555911111111111080e-03
4.495288888888888772e-03 6.857777777777777743e-04 5.879111111111110779e-04 8.073777777777778027e-04 1.125244444444444426e-03 1.527466666666666643e-03
4.428800000000000098e-03 6.741333333333333119e-04 5.798222222222221972e-04 7.956444444444444371e-04 1.107822222222222238e-03 1.504266666666666729e-03
4.365777777777777452e-03 6.647111111111111015e-04 5.716444444444444134e-04 7.841777777777777809e-04 1.090311111111111038e-03 1.482400000000000037e-03
4.307466666666666562e-03 6.566222222222222208e-04 5.642666666666666490e-04 7.735111111111111441e-04 1.073866666666666676e-03 1.460799999999999946e-03
4.250933333333333300e-03 6.489777777777777472e-04 5.567111111111110785e-04 7.632000000000000112e-04 1.058399999999999922e-03 1.440444444444444498e-03
4.194488888888889266e-03 6.397333333333333431e-04 5.500444444444444305e-04 7.525333333333333744e-04 1.044355555555555619e-03 1.419911111111111027e-03
4.143733333333333296e-03 6.344888888888889278e-04 5.432888888888888794e-04 7.430222222222222610e-04 1.031022222222222322e-03 1.399466666666666567e-03
4.093066666666666555e-03 6.275555555555555705e-04 5.367111111111111344e-04 7.342222222222222639e-04 1.018400000000000034e-03 1.379644444444444538e-03
4.045244444444444712e-03 6.212444444444444264e-04 5.310222222222222037e-04 7.253333333333333638e-04 1.005511111111111145e-03 1.361155555555555513e-03
3.998133333333333227e-03 6.152888888888888947e-04 5.242666666666666525e-04 7.165333333333333667e-04 9.928000000000000626e-04 1.343555555555555519e-03
3.951733333333332966e-03 6.066666666666667039e-04 5.183111111111111209e-04 7.087999999999999899e-04 9.807999999999999878e-04 1.326488888888888943e-03
3.909688888888889283e-03 6.010666666666666762e-04 5.133333333333333064e-04 7.001777777777777991e-04 9.685333333333333121e-04 1.310666666666666577e-03
3.865333333333333468e-03 5.936888888888889118e-04 5.076444444444444841e-04 6.918222222222222091e-04 9.566222222222222488e-04 1.294488888888888816e-03
3.822222222222222080e-03 5.854222222222222249e-04 5.020444444444444564e-04 6.847111111111111540e-04 9.456888888888889027e-04 1.278133333333333248e-03
3.782755555555555611e-03 5.791999999999999840e-04 4.978666666666666614e-04 6.775999999999999905e-04 9.352888888888888667e-04 1.261244444444444479e-03
3.743377777777777936e-03 5.728888888888888399e-04 4.929777777777777500e-04 6.702222222222222262e-04 9.251555555555555400e-04 1.245244444444444524e-03
3.705955555555555479e-03 5.673777777777778237e-04 4.872888888888888734e-04 6.640888888888888883e-04 9.157333333333333297e-04 1.231822222222222216e-03
3.668533333333333455e-03 5.615999999999999898e-04 4.831111111111111326e-04 6.568888888888889301e-04 9.061333333333333132e-04 1.218933333333333327e-03
3.631644444444444633e-03 5.550222222222222449e-04 4.790222222222222407e-04 6.510222222222221931e-04 8.971555555555555100e-04 1.205600000000000031e-03
3.596533333333333440e-03 5.505777777777777406e-04 4.741333333333333294e-04 6.446222222222222544e-04 8.885333333333333191e-04 1.192799999999999937e-03
3.564088888888888688e-03 5.463111111111111510e-04 4.695999999999999762e-04 6.386666666666666143e-04 8.803555555555555353e-04 1.180977777777777885e-03
3.532622222222222413e-03 5.409777777777777241e-04 4.660444444444444487e-04 6.327111111111110827e-04 8.719111111111111506e-04 1.169777777777777829e-03
3.502222222222222108e-03 5.370666666666666384e-04 4.623111111111111149e-04 6.264000000000000470e-04 8.637333333333333668e-04 1.158933333333333386e-03
3.473155555555555458e-03 5.336888888888888629e-04 4.574222222222222036e-04 6.220444444444444458e-04 8.543999999999999512e-04 1.148622222222222145e-03
3.444177777777777602e-03 5.293333333333333701e-04 4.546666666666666413e-04 6.160000000000000111e-04 8.471999999999999930e-04 1.138399999999999915e-03
3.417955555555555417e-03 5.267555555555555056e-04 4.507555555555555556e-04 6.114666666666667121e-04 8.401777777777777326e-04 1.128622222222222310e-03
3.390133333333333193e-03 5.229333333333333229e-04 4.467555555555555668e-04 6.059555555555555875e-04 8.329777777777777744e-04 1.119200000000000099e-03
3.364088888888889031e-03 5.200888888888888575e-04 4.427555555555555780e-04 6.012444444444444824e-04 8.262222222222222233e-04 1.109511111111111071e-03
3.337955555555555641e-03 5.159999999999999656e-04 4.395555555555555544e-04 5.960888888888888617e-04 8.196444444444444784e-04 1.100355555555555462e-03
3.312266666666666658e-03 5.125333333333332870e-04 4.366222222222222401e-04 5.911999999999999504e-04 8.128000000000000242e-04 1.090666666666666651e-03
3.286488888888888880e-03 5.082666666666666973e-04 4.334222222222222165e-04 5.860444444444444382e-04 8.063111111111110740e-04 1.081777777777777859e-03
3.260799999999999896e-03 5.044444444444444063e-04 4.293333333333333246e-04 5.819555555555555463e-04 7.996444444444444260e-04 1.072977777777777862e-03
3.235555555555555754e-03 4.994666666666667003e-04 4.269333333333333205e-04 5.776888888888888482e-04 7.933333333333332819e-04 1.063911111111111047e-03
3.210044444444444360e-03 4.944888888888888858e-04 4.241777777777777582e-04 5.735999999999999563e-04 7.866666666666666339e-04 1.055200000000000062e-03
3.184799999999999784e-03 4.893333333333333736e-04 4.212444444444444439e-04 5.692444444444444635e-04 7.808000000000000053e-04 1.046311111111111053e-03
3.159377777777777618e-03 4.851555555555555786e-04 4.173333333333333582e-04 5.653333333333333778e-04 7.743999999999999582e-04 1.037422222222222261e-03
3.135288888888888674e-03 4.798222222222222060e-04 4.146666666666666448e-04 5.610666666666666797e-04 7.685333333333333296e-04 1.028711111111111059e-03
3.111288888888888958e-03 4.752888888888889070e-04 4.122666666666666407e-04 5.567999999999999816e-04 7.628444444444443988e-04 1.019733333333333256e-03
3.090400000000000091e-03 4.730666666666666549e-04 4.095999999999999815e-04 5.532444444444443998e-04 7.568888888888888672e-04 1.010933333333333259e-03
3.069066666666666818e-03 4.701333333333333406e-04 4.067555555555555703e-04 5.487111111111111009e-04 7.506666666666666262e-04 1.002755555555555475e-03
3.048888888888888742e-03 4.674666666666666814e-04 4.032888888888888916e-04 5.456000000000000346e-04 7.456000000000000171e-04 9.949333333333333033e-04
3.029333333333333531e-03 4.642666666666666578e-04 4.009777777777777906e-04 5.423111111111111621e-04 7.408000000000000088e-04 9.863999999999999071e-04
3.009422222222222273e-03 4.615111111111110955e-04 3.987555555555555385e-04 5.379555555555555610e-04 7.360000000000000006e-04 9.777777777777777162e-04
2.993422222222222318e-03 4.595555555555555526e-04 3.971555555555555538e-04 5.356444444444444057e-04 7.313777777777777985e-04 9.697777777777777386e-04
2.974666666666666692e-03 4.572444444444444516e-04 3.943111111111110884e-04 5.317333333333333200e-04 7.268444444444443911e-04 9.638222222222222069e-04
2.956088888888889089e-03 4.543999999999999862e-04 3.914666666666666772e-04 5.287999999999999515e-04 7.221333333333332860e-04 9.577777777777777722e-04
2.939466666666666703e-03 4.528000000000000015e-04 3.892444444444444250e-04 5.255999999999999821e-04 7.176888888888888901e-04 9.519111111111111436e-04
2.922933333333333546e-03 4.503999999999999974e-04 3.871999999999999791e-04 5.223111111111111097e-04 7.132444444444444942e-04 9.463111111111111159e-04
2.905688888888888731e-03 4.479111111111110902e-04 3.852444444444444362e-04 5.189333333333333341e-04 7.088888888888888930e-04 9.402666666666666812e-04
2.888355555555555555e-03 4.453333333333333341e-04 3.826666666666666801e-04 5.158222222222222679e-04 7.046222222222221949e-04 9.346666666666666535e-04
2.871466666666666785e-03 4.428444444444444269e-04 3.801777777777777729e-04 5.127111111111110932e-04 7.006222222222222061e-04 9.289777777777778311e-04
2.856000000000000032e-03 4.413333333333333453e-04 3.785777777777777882e-04 5.094222222222222207e-04 6.964444444444444111e-04 9.233777777777778034e-04
2.839555555555555669e-03 4.391111111111110931e-04 3.761777777777777841e-04 5.063999999999999491e-04 6.923555555555555192e-04 9.176888888888888726e-04
