6.476444444444444393e-03 2.771111111111111127e-04 3.085555555555555686e-04 5.693333333333333666e-04 1.420333333333333344e-03 4.420888888888889132e-03
6.597555555555555291e-03 2.951111111111111166e-04 3.252222222222222428e-04 5.906666666666666402e-04 1.451000000000000033e-03 4.456222222222222529e-03
6.721444444444444818e-03 3.137777777777777852e-04 3.424444444444444259e-04 6.137777777777777589e-04 1.483666666666666771e-03 4.489777777777777430e-03
6.858777777777777876e-03 3.404444444444444315e-04 3.609999999999999928e-04 6.385555555555555126e-04 1.514777777777777867e-03 4.529666666666667084e-03
6.990999999999999819e-03 3.621111111111111188e-04 3.789999999999999966e-04 6.624444444444444521e-04 1.547444444444444388e-03 4.566666666666666791e-03
7.130666666666667097e-03 3.847777777777777763e-04 4.009999999999999893e-04 6.875555555555555110e-04 1.582999999999999989e-03 4.601666666666667099e-03
7.271555555555555411e-03 4.067777777777777689e-04 4.209999999999999875e-04 7.152222222222222358e-04 1.618555555555555589e-03 4.643777777777777921e-03
7.416888888888888663e-03 4.281111111111110968e-04 4.451111111111111305e-04 7.441111111111110800e-04 1.653111111111111057e-03 4.680222222222221902e-03
7.565111111111110995e-03 4.504444444444444490e-04 4.688888888888889141e-04 7.715555555555556012e-04 1.691000000000000012e-03 4.715666666666666618e-03
7.718111111111111353e-03 4.731111111111111064e-04 4.936666666666666677e-04 8.025555555555555958e-04 1.726666666666666714e-03 4.760111111111110793e-03
7.878666666666667498e-03 4.966666666666666322e-04 5.213333333333332840e-04 8.342222222222222009e-04 1.767222222222222328e-03 4.798444444444444588e-03
8.039444444444444546e-03 5.195555555555555474e-04 5.488888888888889071e-04 8.661111111111111181e-04 1.808666666666666756e-03 4.840777777777778047e-03
8.207555555555554744e-03 5.424444444444444626e-04 5.785555555555555720e-04 9.014444444444444067e-04 1.846888888888888799e-03 4.881555555555555648e-03
8.380000000000000296e-03 5.657777777777777848e-04 6.099999999999999737e-04 9.367777777777778038e-04 1.891555555555555612e-03 4.920444444444444301e-03
8.554888888888889653e-03 5.879999999999999810e-04 6.417777777777777890e-04 9.732222222222222186e-04 1.931666666666666601e-03 4.967444444444444468e-03
8.735555555555555435e-03 6.086666666666666441e-04 6.773333333333332812e-04 1.013111111111111113e-03 1.978111111111111042e-03 5.008111111111110750e-03
8.922222222222222013e-03 6.317777777777777628e-04 7.135555555555556009e-04 1.052777777777777696e-03 2.026000000000000023e-03 5.052555555555555793e-03
9.109222222222221679e-03 6.518888888888889170e-04 7.511111111111111417e-04 1.093999999999999920e-03 2.070555555555555517e-03 5.096888888888888650e-03
9.311666666666666009e-03 6.788888888888889228e-04 7.908888888888889347e-04 1.138222222222222326e-03 2.121333333333333144e-03 5.138444444444444613e-03
9.497777777777778596e-03 6.877777777777778229e-04 8.315555555555555417e-04 1.183111111111111126e-03 2.167222222222222293e-03 5.188222222222222541e-03
9.710111111111110332e-03 7.152222222222222358e-04 8.754444444444444253e-04 1.227999999999999925e-03 2.220000000000000185e-03 5.231111111111110858e-03
9.910888888888889220e-03 7.232222222222222134e-04 9.214444444444444592e-04 1.279555555555555481e-03 2.274888888888888794e-03 5.279222222222222476e-03
1.012611111111111177e-02 7.416666666666666243e-04 9.706666666666666611e-04 1.329444444444444510e-03 2.324888888888888925e-03 5.325666666666666917e-03
1.034500000000000003e-02 7.585555555555555021e-04 1.018888888888888839e-03 1.381333333333333371e-03 2.383555555555555427e-03 5.372777777777777534e-03
1.056211111111111066e-02 7.667777777777777916e-04 1.071555555555555629e-03 1.437111111111111011e-03 2.436444444444444638e-03 5.421333333333333560e-03
1.078311111111111137e-02 7.734444444444444396e-04 1.123444444444444490e-03 1.492888888888888868e-03 2.497222222222222291e-03 5.467111111111110956e-03
1.101399999999999949e-02 7.810000000000000102e-04 1.180222222222222263e-03 1.554000000000000043e-03 2.553222222222222351e-03 5.520222222222222370e-03
1.124088888888888881e-02 7.802222222222221894e-04 1.237222222222222239e-03 1.614444444444444390e-03 2.616888888888889084e-03 5.567111111111111219e-03
1.147566666666666700e-02 7.802222222222221894e-04 1.298666666666666719e-03 1.677000000000000105e-03 2.680777777777777586e-03 5.620222222222222633e-03
1.171533333333333281e-02 7.751111111111110745e-04 1.360555555555555607e-03 1.746666666666666767e-03 2.743333333333333301e-03 5.669999999999999693e-03
1.195011111111111100e-02 7.600000000000000418e-04 1.425444444444444458e-03 1.814777777777777787e-03 2.811222222222222334e-03 5.724444444444444328e-03
1.219600000000000024e-02 7.475555555555555599e-04 1.493333333333333275e-03 1.886444444444444497e-03 2.876888888888888898e-03 5.774444444444444026e-03
1.244622222222222137e-02 7.373333333333333302e-04 1.559111111111111158e-03 1.961555555555555361e-03 2.947444444444444374e-03 5.829333333333333068e-03
1.269799999999999922e-02 7.166666666666666671e-04 1.631555555555555580e-03 2.037333333333333271e-03 3.016555555555555743e-03 5.881555555555555669e-03
1.296377777777777719e-02 7.027777777777777539e-04 1.701999999999999954e-03 2.119999999999999923e-03 3.092333333333333219e-03 5.937555555555555295e-03
1.322122222222222275e-02 6.751111111111111375e-04 1.776333333333333323e-03 2.203000000000000097e-03 3.165222222222222048e-03 5.991888888888888612e-03
1.348277777777777756e-02 6.447777777777777535e-04 1.852444444444444538e-03 2.286999999999999970e-03 3.244555555555555647e-03 6.048111111111110876e-03
1.376233333333333302e-02 6.251111111111111148e-04 1.926777777777777690e-03 2.380222222222222375e-03 3.320888888888888849e-03 6.103222222222222555e-03
1.403622222222222250e-02 5.928888888888888924e-04 2.004555555555555431e-03 2.472333333333333327e-03 3.403444444444444616e-03 6.161888888888888624e-03
1.431299999999999933e-02 5.556666666666666568e-04 2.081222222222222154e-03 2.570666666666666846e-03 3.484888888888888932e-03 6.218999999999999702e-03
1.460344444444444494e-02 5.281111111111111422e-04 2.158777777777777691e-03 2.667555555555555392e-03 3.572777777777777584e-03 6.279333333333332948e-03
1.488833333333333328e-02 4.889999999999999599e-04 2.235444444444444415e-03 2.771666666666666636e-03 3.657777777777777590e-03 6.336999999999999751e-03
1.517577777777777762e-02 4.438888888888889027e-04 2.312333333333333341e-03 2.880666666666666792e-03 3.748888888888888844e-03 6.397888888888888723e-03
1.547711111111111162e-02 4.115555555555555785e-04 2.384888888888889082e-03 2.989666666666666514e-03 3.839888888888888779e-03 6.456333333333333022e-03
1.578188888888889044e-02 3.728888888888889116e-04 2.461000000000000080e-03 3.103666666666666466e-03 3.936888888888889076e-03 6.520999999999999887e-03
1.608366666666666625e-02 3.236666666666666555e-04 2.533222222222222299e-03 3.223555555555555462e-03 4.032111111111111312e-03 6.580777777777777407e-03
1.638355555555555398e-02 2.726666666666666627e-04 2.603999999999999978e-03 3.341777777777777715e-03 4.133555555555555247e-03 6.647222222222221900e-03
1.670200000000000157e-02 2.332222222222222292e-04 2.672777777777777825e-03 3.466666666666666508e-03 4.232666666666666695e-03 6.706555555555555881e-03
1.702777777777777710e-02 1.903333333333333429e-04 2.742444444444444487e-03 3.600777777777777831e-03 4.339666666666667019e-03 6.774999999999999772e-03
1.734066666666666742e-02 1.369999999999999961e-04 2.808777777777777662e-03 3.730777777777777738e-03 4.444777777777777529e-03 6.834555555555555523e-03
1.765955555555555681e-02 7.622222222222222127e-05 2.874999999999999951e-03 3.869555555555555769e-03 4.557888888888889101e-03 6.904444444444444821e-03
1.797611111111111284e-02 1.522222222222222255e-05 2.933999999999999976e-03 4.009888888888889225e-03 4.668888888888889088e-03 6.971222222222222403e-03
1.830455555555555655e-02 0.000000000000000000e+00 2.951888888888888878e-03 4.150666666666667087e-03 4.786222222222222093e-03 7.039444444444444525e-03
1.865055555555555564e-02 0.000000000000000000e+00 2.962777777777777719e-03 4.300333333333333091e-03 4.903333333333333328e-03 7.109444444444444275e-03
1.898822222222222231e-02 0.000000000000000000e+00 2.955555555555555453e-03 4.455666666666666803e-03 5.021888888888889103e-03 7.176000000000000087e-03
1.932855555555555715e-02 0.000000000000000000e+00 2.947333333333333489e-03 4.608888888888888931e-03 5.151666666666666373e-03 7.248666666666666279e-03
1.968755555555555536e-02 0.000000000000000000e+00 2.948444444444444507e-03 4.771444444444444474e-03 5.274777777777777538e-03 7.316555555555555312e-03
2.003755555555555498e-02 0.000000000000000000e+00 2.933444444444444250e-03 4.934333333333333106e-03 5.410777777777777374e-03 7.389555555555555461e-03
2.039300000000000140e-02 0.000000000000000000e+00 2.914222222222222127e-03 5.105000000000000163e-03 5.542666666666667095e-03 7.464111111111111467e-03
2.074288888888889057e-02 0.000000000000000000e+00 2.883888888888888960e-03 5.274444444444444449e-03 5.677444444444444162e-03 7.533444444444444173e-03
2.110422222222222213e-02 0.000000000000000000e+00 2.859555555555555722e-03 5.444333333333333143e-03 5.822888888888888732e-03 7.611888888888888524e-03
2.147599999999999856e-02 0.000000000000000000e+00 2.829222222222222121e-03 5.626555555555555650e-03 5.965222222222222453e-03 7.685888888888888805e-03
2.183699999999999877e-02 0.000000000000000000e+00 2.789777777777777742e-03 5.802999999999999999e-03 6.118666666666666351e-03 7.762333333333333758e-03
2.221166666666666775e-02 0.000000000000000000e+00 2.753111111111111124e-03 5.986888888888888816e-03 6.268444444444444541e-03 7.841444444444444287e-03
2.258888888888888752e-02 0.000000000000000000e+00 2.710444444444444576e-03 6.174777777777778164e-03 6.421444444444444032e-03 7.915000000000000160e-03
2.296022222222222214e-02 0.000000000000000000e+00 2.658666666666666817e-03 6.363222222222222370e-03 6.585666666666666752e-03 7.997444444444444175e-03
2.333677777777777920e-02 0.000000000000000000e+00 2.603444444444444252e-03 6.549666666666666311e-03 6.746111111111110711e-03 8.078888888888888925e-03
2.370422222222222375e-02 0.000000000000000000e+00 2.543888888888888936e-03 6.731555555555555730e-03 6.920333333333333024e-03 8.154888888888888604e-03
2.409833333333333272e-02 0.000000000000000000e+00 2.499888888888888733e-03 6.916888888888889086e-03 7.088666666666666727e-03 8.239666666666665973e-03
2.447055555555555442e-02 0.000000000000000000e+00 2.423999999999999939e-03 7.110111111111111319e-03 7.263888888888889173e-03 8.323444444444444076e-03
2.484355555555555622e-02 0.000000000000000000e+00 2.349555555555555685e-03 7.294444444444444543e-03 7.448333333333333715e-03 8.401888888888889295e-03
2.524688888888888816e-02 0.000000000000000000e+00 2.286444444444444245e-03 7.491444444444444670e-03 7.631444444444444170e-03 8.490888888888888097e-03
2.567711111111111236e-02 0.000000000000000000e+00 2.253555555555555520e-03 7.678222222222222566e-03 7.821111111111110278e-03 8.577666666666667467e-03
2.610388888888888828e-02 0.000000000000000000e+00 2.207555555555555486e-03 7.872222222222221427e-03 8.019999999999999352e-03 8.659111111111110481e-03
2.649133333333333201e-02 0.000000000000000000e+00 2.129111111111111135e-03 8.048222222222222236e-03 8.216666666666667257e-03 8.751555555555555824e-03
2.689044444444444598e-02 0.000000000000000000e+00 2.050888888888888987e-03 8.235666666666667177e-03 8.418111111111110587e-03 8.842222222222221803e-03
2.729133333333333411e-02 0.000000000000000000e+00 1.959999999999999937e-03 8.426666666666667374e-03 8.624888888888888536e-03 8.931111111111111889e-03
2.767988888888888929e-02 0.000000000000000000e+00 1.872222222222222170e-03 8.604111111111110988e-03 8.841777777777778263e-03 9.020777777777778603e-03
2.814099999999999935e-02 0.000000000000000000e+00 1.825111111111111118e-03 8.802555555555554787e-03 9.058777777777778442e-03 9.113888888888888387e-03
2.858866666666666501e-02 0.000000000000000000e+00 1.775222222222222306e-03 8.981888888888888214e-03 9.279444444444444329e-03 9.209333333333333260e-03
2.899333333333333276e-02 0.000000000000000000e+00 1.670333333333333349e-03 9.167222222222222439e-03 9.516888888888888967e-03 9.299888888888888788e-03
2.940011111111110950e-02 0.000000000000000000e+00 1.577999999999999976e-03 9.341666666666666521e-03 9.748111111111111907e-03 9.393666666666666484e-03
2.979144444444444331e-02 0.000000000000000000e+00 1.467333333333333293e-03 9.506999999999999826e-03 9.986777777777778448e-03 9.494000000000000702e-03
3.030066666666666672e-02 0.000000000000000000e+00 1.446333333333333325e-03 9.693222222222222864e-03 1.022699999999999998e-02 9.592111111111110283e-03
3.069122222222222390e-02 0.000000000000000000e+00 1.345888888888888872e-03 9.840333333333332877e-03 1.048533333333333262e-02 9.686555555555555891e-03
3.112966666666666660e-02 0.000000000000000000e+00 1.231666666666666717e-03 1.003411111111111170e-02 1.074066666666666746e-02 9.786222222222222197e-03
3.153233333333333582e-02 0.000000000000000000e+00 1.118000000000000070e-03 1.018999999999999941e-02 1.099699999999999983e-02 9.889444444444443760e-03
3.206233333333333158e-02 0.000000000000000000e+00 1.101888888888888796e-03 1.036366666666666686e-02 1.126555555555555470e-02 9.991888888888888695e-03
3.246155555555555600e-02 0.000000000000000000e+00 9.825555555555555258e-04 1.050655555555555544e-02 1.154566666666666588e-02 1.009488888888888936e-02
3.288877777777778066e-02 0.000000000000000000e+00 8.603333333333332842e-04 1.067366666666666637e-02 1.182355555555555590e-02 1.019533333333333402e-02
3.337988888888888950e-02 0.000000000000000000e+00 8.037777777777778236e-04 1.082944444444444362e-02 1.210333333333333400e-02 1.030388888888888847e-02
3.384444444444444783e-02 0.000000000000000000e+00 7.138888888888889062e-04 1.098822222222222214e-02 1.239366666666666741e-02 1.041188888888888893e-02
3.425033333333333402e-02 0.000000000000000000e+00 5.839999999999999922e-04 1.112044444444444495e-02 1.268599999999999936e-02 1.052155555555555483e-02
3.471888888888888941e-02 0.000000000000000000e+00 5.007777777777778312e-04 1.126199999999999944e-02 1.298266666666666666e-02 1.063222222222222173e-02
3.519511111111111451e-02 0.000000000000000000e+00 4.449999999999999746e-04 1.137122222222222180e-02 1.330311111111111104e-02 1.074133333333333364e-02
3.565044444444444294e-02 0.000000000000000000e+00 3.135555555555555817e-04 1.152522222222222142e-02 1.362377777777777806e-02 1.085055555555555599e-02
3.609566666666666479e-02 0.000000000000000000e+00 2.326666666666666662e-04 1.162022222222222276e-02 1.393555555555555520e-02 1.096600000000000005e-02
3.662522222222222568e-02 0.000000000000000000e+00 1.662222222222222269e-04 1.176744444444444496e-02 1.426966666666666661e-02 1.108288888888888865e-02
3.702144444444444710e-02 0.000000000000000000e+00 2.566666666666666600e-05 1.185800000000000048e-02 1.459799999999999986e-02 1.119922222222222152e-02
3.751888888888888635e-02 0.000000000000000000e+00 1.366666666666666739e-05 1.190322222222222302e-02 1.494044444444444369e-02 1.131722222222222157e-02
