9.993333333333332957e-01 0.000000000000000000e+00 6.324840000000000462e-01 6.445763555555555913e-01 1.464821333333333198e-01 3.691537777777777890e-02
8.119359999999999911e-01 0.000000000000000000e+00 3.787373333333333147e-01 4.072488888888888825e-01 1.337841777777777907e-01 3.673528888888889093e-02
6.443174222222222136e-01 0.000000000000000000e+00 2.529080888888888823e-01 3.124183999999999850e-01 1.276026666666666698e-01 3.657502222222222543e-02
5.577467555555555290e-01 0.000000000000000000e+00 2.024471111111111055e-01 2.599026666666666707e-01 1.233671111111111079e-01 3.643066666666666675e-02
5.025605333333332814e-01 0.000000000000000000e+00 1.738420444444444546e-01 2.251806222222222098e-01 1.200876444444444469e-01 3.629928888888889205e-02
4.632425777777777753e-01 0.000000000000000000e+00 1.549008888888888935e-01 1.997595555555555513e-01 1.173580444444444482e-01 3.617706666666666709e-02
4.332823111111110959e-01 0.000000000000000000e+00 1.412024888888888940e-01 1.797620444444444354e-01 1.149066666666666708e-01 3.606168888888888757e-02
4.093887999999999971e-01 0.000000000000000000e+00 1.307028444444444382e-01 1.638262222222222342e-01 1.123279999999999973e-01 3.595946666666666874e-02
3.897132444444444399e-01 0.000000000000000000e+00 1.223289777777777781e-01 1.514068444444444383e-01 1.096837333333333386e-01 3.585697777777777789e-02
3.731169777777778029e-01 0.000000000000000000e+00 1.154521777777777758e-01 1.414091555555555546e-01 1.070347555555555552e-01 3.576639999999999681e-02
3.588415999999999828e-01 0.000000000000000000e+00 1.096660444444444438e-01 1.331516444444444391e-01 1.045063111111111109e-01 3.567413333333332992e-02
3.463768888888889008e-01 0.000000000000000000e+00 1.047075555555555537e-01 1.261793777777777681e-01 1.021205333333333326e-01 3.559395555555555646e-02
3.353546666666666898e-01 0.000000000000000000e+00 1.004009777777777751e-01 1.201920888888888955e-01 9.982746666666666990e-02 3.550755555555555609e-02
3.255197333333333387e-01 0.000000000000000000e+00 9.661271111111111032e-02 1.149900444444444392e-01 9.768728888888889017e-02 3.543626666666666730e-02
3.166528000000000120e-01 0.000000000000000000e+00 9.324977777777777865e-02 1.104167111111111071e-01 9.565484444444444234e-02 3.536142222222222326e-02
3.086086222222222397e-01 0.000000000000000000e+00 9.023173333333332768e-02 1.063524444444444439e-01 9.371662222222222616e-02 3.528737777777777446e-02
3.012599111111111116e-01 0.000000000000000000e+00 8.750657777777777480e-02 1.027071999999999985e-01 9.191626666666666279e-02 3.522453333333333547e-02
2.945076444444444386e-01 0.000000000000000000e+00 8.502791111111111799e-02 9.942533333333333778e-02 9.019546666666666823e-02 3.515644444444444155e-02
2.882680000000000242e-01 0.000000000000000000e+00 8.275706666666667044e-02 9.643884444444444926e-02 8.855280000000000096e-02 3.508906666666666840e-02
2.824770666666666652e-01 0.000000000000000000e+00 8.066764444444445015e-02 9.371155555555556183e-02 8.697991111111111340e-02 3.503422222222222354e-02
2.770820444444444530e-01 0.000000000000000000e+00 7.873671111111110732e-02 9.120968888888889015e-02 8.551093333333333046e-02 3.497457777777777943e-02
2.720502222222222488e-01 0.000000000000000000e+00 7.694942222222221628e-02 8.890240000000000642e-02 8.411404444444443851e-02 3.490835555555555497e-02
2.673226666666666529e-01 0.000000000000000000e+00 7.528479999999999894e-02 8.676053333333333395e-02 8.276275555555555330e-02 3.485848888888888608e-02
2.628808888888888862e-01 0.000000000000000000e+00 7.372817777777777859e-02 8.477537777777777173e-02 8.146631111111110601e-02 3.480897777777777757e-02
2.586904888888889031e-01 0.000000000000000000e+00 7.227235555555555635e-02 8.292097777777777956e-02 8.021200000000000552e-02 3.475395555555555599e-02
2.547295111111110844e-01 0.000000000000000000e+00 7.090355555555555300e-02 8.118773333333333120e-02 7.903440000000000465e-02 3.469031111111110788e-02
2.509823999999999944e-01 0.000000000000000000e+00 6.961511111111111372e-02 7.956355555555555403e-02 7.789377777777778400e-02 3.464915555555555388e-02
2.474151111111111134e-01 0.000000000000000000e+00 6.839813333333333301e-02 7.802977777777778123e-02 7.677511111111111342e-02 3.460675555555555588e-02
2.440302222222222317e-01 0.000000000000000000e+00 6.724648888888888620e-02 7.659084444444444473e-02 7.573813333333333231e-02 3.455911111111110989e-02
2.408017777777777813e-01 0.000000000000000000e+00 6.615448888888889045e-02 7.522657777777777555e-02 7.470897777777778248e-02 3.450222222222221885e-02
2.377131555555555553e-01 0.000000000000000000e+00 6.511546666666666316e-02 7.393955555555555004e-02 7.373111111111110838e-02 3.445120000000000127e-02
2.347670222222222325e-01 0.000000000000000000e+00 6.412719999999999532e-02 7.271235555555555230e-02 7.277235555555555679e-02 3.441822222222222505e-02
2.319471111111111039e-01 0.000000000000000000e+00 6.318506666666666438e-02 7.155128888888888372e-02 7.186844444444444313e-02 3.438186666666666336e-02
2.292384888888888972e-01 0.000000000000000000e+00 6.228568888888889182e-02 7.043928888888889572e-02 7.096399999999999930e-02 3.433937777777777700e-02
2.266344000000000136e-01 0.000000000000000000e+00 6.142559999999999687e-02 6.938302222222221538e-02 7.011297777777777962e-02 3.428346666666666487e-02
2.241381333333333226e-01 0.000000000000000000e+00 6.060133333333333344e-02 6.837982222222221962e-02 6.927724444444444130e-02 3.422782222222222476e-02
2.217359999999999887e-01 0.000000000000000000e+00 5.980977777777778115e-02 6.741368888888889244e-02 6.847511111111111159e-02 3.420248888888888922e-02
2.194266666666666588e-01 0.000000000000000000e+00 5.905297777777777923e-02 6.649235555555554900e-02 6.770053333333332646e-02 3.417511111111111444e-02
2.171802666666666770e-01 0.000000000000000000e+00 5.832284444444444521e-02 6.560453333333333970e-02 6.690257777777777748e-02 3.414382222222222402e-02
2.150244444444444347e-01 0.000000000000000000e+00 5.761946666666666744e-02 6.475839999999999375e-02 6.617831111111110998e-02 3.410595555555555325e-02
2.129457777777777894e-01 0.000000000000000000e+00 5.694417777777777828e-02 6.394239999999999646e-02 6.546382222222221769e-02 3.400159999999999988e-02
2.109360888888889007e-01 0.000000000000000000e+00 5.629119999999999957e-02 6.315484444444444123e-02 6.474471111111111676e-02 3.398462222222221885e-02
2.089779555555555668e-01 0.000000000000000000e+00 5.566151111111111022e-02 6.240248888888889206e-02 6.406960000000000433e-02 3.396613333333333568e-02
2.070818666666666696e-01 0.000000000000000000e+00 5.505191111111110841e-02 6.167253333333333476e-02 6.340311111111110454e-02 3.394657777777777830e-02
2.052536000000000083e-01 0.000000000000000000e+00 5.446560000000000290e-02 6.097395555555555624e-02 6.274888888888889571e-02 3.392488888888888637e-02
2.034769777777777899e-01 0.000000000000000000e+00 5.389457777777777875e-02 6.029199999999999837e-02 6.211128888888888672e-02 3.390026666666666466e-02
2.017571555555555674e-01 0.000000000000000000e+00 5.334542222222222324e-02 5.963848888888888949e-02 6.150560000000000055e-02 3.385546666666666704e-02
2.000773333333333293e-01 0.000000000000000000e+00 5.281155555555555603e-02 5.900542222222222161e-02 6.090106666666667001e-02 3.375057777777777657e-02
1.984464888888888834e-01 0.000000000000000000e+00 5.229511111111111166e-02 5.839137777777778093e-02 6.030088888888888998e-02 3.372213333333333452e-02
1.968633777777777649e-01 0.000000000000000000e+00 5.179288888888888831e-02 5.779440000000000272e-02 5.972328888888888548e-02 3.370968888888888765e-02
1.953287111111111085e-01 0.000000000000000000e+00 5.130568888888888818e-02 5.722382222222222037e-02 5.916826666666666346e-02 3.369644444444444553e-02
1.938259555555555680e-01 0.000000000000000000e+00 5.083306666666666945e-02 5.666639999999999872e-02 5.861555555555555269e-02 3.368257777777777795e-02
1.923610666666666635e-01 0.000000000000000000e+00 5.037439999999999973e-02 5.612319999999999809e-02 5.806933333333333391e-02 3.365617777777777514e-02
1.909351111111111110e-01 0.000000000000000000e+00 4.992613333333333070e-02 5.559564444444444614e-02 5.752133333333333404e-02 3.362400000000000111e-02
1.895462222222222270e-01 0.000000000000000000e+00 4.949173333333333619e-02 5.508897777777777699e-02 5.700968888888888891e-02 3.358755555555555800e-02
1.881969777777777741e-01 0.000000000000000000e+00 4.907120000000000232e-02 5.458773333333333255e-02 5.650977777777777683e-02 3.354355555555555563e-02
1.868755555555555448e-01 0.000000000000000000e+00 4.865688888888888841e-02 5.411084444444444475e-02 5.601555555555555455e-02 3.347537777777778029e-02
1.855831111111111154e-01 0.000000000000000000e+00 4.825368888888888902e-02 5.364035555555555362e-02 5.552471111111111080e-02 3.342497777777778123e-02
1.843273777777777733e-01 0.000000000000000000e+00 4.786542222222222448e-02 5.317928888888889122e-02 5.502791111111111216e-02 3.340746666666667003e-02
1.830951111111110974e-01 0.000000000000000000e+00 4.748257777777777772e-02 5.273546666666666799e-02 5.456400000000000139e-02 3.338959999999999845e-02
1.818900444444444542e-01 0.000000000000000000e+00 4.711031111111110836e-02 5.230231111111111053e-02 5.410311111111110877e-02 3.337119999999999670e-02
1.807104888888888816e-01 0.000000000000000000e+00 4.674506666666666810e-02 5.188053333333333267e-02 5.365111111111110775e-02 3.335022222222222554e-02
1.795585777777777836e-01 0.000000000000000000e+00 4.639208888888889104e-02 5.146817777777777658e-02 5.321128888888888853e-02 3.332373333333333437e-02
1.784292444444444403e-01 0.000000000000000000e+00 4.604586666666666411e-02 5.106088888888889177e-02 5.277751111111111254e-02 3.329422222222222505e-02
1.773253333333333348e-01 0.000000000000000000e+00 4.570506666666666884e-02 5.066968888888889050e-02 5.234604444444444782e-02 3.325946666666666773e-02
1.762398222222222310e-01 0.000000000000000000e+00 4.537333333333333496e-02 5.028844444444444117e-02 5.194151111111110913e-02 3.321715555555555810e-02
1.751782222222222352e-01 0.000000000000000000e+00 4.505004444444444395e-02 4.991297777777777694e-02 5.154399999999999954e-02 3.317226666666666518e-02
1.741360000000000130e-01 0.000000000000000000e+00 4.473297777777777984e-02 4.954471111111111159e-02 5.115591111111111172e-02 3.311857777777777595e-02
1.731166222222222106e-01 0.000000000000000000e+00 4.442204444444444733e-02 4.918808888888889091e-02 5.077893333333333148e-02 3.304488888888888753e-02
1.721187555555555582e-01 0.000000000000000000e+00 4.411751111111111151e-02 4.883902222222222256e-02 5.040622222222222032e-02 3.296577777777777440e-02
1.711399111111110982e-01 0.000000000000000000e+00 4.381920000000000259e-02 4.849324444444444437e-02 5.003475555555555315e-02 3.293511111111110945e-02
1.701772444444444310e-01 0.000000000000000000e+00 4.352728888888889036e-02 4.815982222222222470e-02 4.966693333333333654e-02 3.290160000000000307e-02
1.692325333333333237e-01 0.000000000000000000e+00 4.324302222222221881e-02 4.783102222222222061e-02 4.932373333333333471e-02 3.286346666666666722e-02
1.683086222222222317e-01 0.000000000000000000e+00 4.296204444444444437e-02 4.750897777777778053e-02 4.898835555555555721e-02 3.282506666666666628e-02
1.674059555555555689e-01 0.000000000000000000e+00 4.268711111111111317e-02 4.719351111111111385e-02 4.866151111111111094e-02 3.278613333333333518e-02
1.665176888888888762e-01 0.000000000000000000e+00 4.241884444444444374e-02 4.688746666666666896e-02 4.833742222222222468e-02 3.274666666666666698e-02
1.656382222222222145e-01 0.000000000000000000e+00 4.215244444444444377e-02 4.658648888888888839e-02 4.801608888888889148e-02 3.270320000000000171e-02
1.647768888888888894e-01 0.000000000000000000e+00 4.189208888888888704e-02 4.628817777777777948e-02 4.770391111111110805e-02 3.265617777777778119e-02
1.639380444444444307e-01 0.000000000000000000e+00 4.163937777777777793e-02 4.599644444444444397e-02 4.739600000000000063e-02 3.260906666666666537e-02
1.631095999999999935e-01 0.000000000000000000e+00 4.138871111111110807e-02 4.571333333333333498e-02 4.708942222222222557e-02 3.256115555555555430e-02
1.622914666666666617e-01 0.000000000000000000e+00 4.114373333333333493e-02 4.543297777777777907e-02 4.680062222222221985e-02 3.251031111111111344e-02
1.614813333333333378e-01 0.000000000000000000e+00 4.090133333333333121e-02 4.515475555555555770e-02 4.651431111111110905e-02 3.245706666666666601e-02
1.606879999999999975e-01 0.000000000000000000e+00 4.066444444444444750e-02 4.488417777777777701e-02 4.623253333333333243e-02 3.239955555555555644e-02
1.599038222222222139e-01 0.000000000000000000e+00 4.043057777777777501e-02 4.462080000000000213e-02 4.595395555555555761e-02 3.233928888888888686e-02
1.591336888888889023e-01 0.000000000000000000e+00 4.020257777777777597e-02 4.436408888888888902e-02 4.567608888888888968e-02 3.227404444444444132e-02
1.583691555555555575e-01 0.000000000000000000e+00 3.997768888888889038e-02 4.411128888888889155e-02 4.539813333333333339e-02 3.218986666666666385e-02
1.576159111111111177e-01 0.000000000000000000e+00 3.975546666666666951e-02 4.385822222222222205e-02 4.512524444444444144e-02 3.211857777777777506e-02
1.568758222222222110e-01 0.000000000000000000e+00 3.953759999999999913e-02 4.361111111111111438e-02 4.485733333333333239e-02 3.207226666666666837e-02
1.561551999999999940e-01 0.000000000000000000e+00 3.932453333333333495e-02 4.336924444444444776e-02 4.458960000000000007e-02 3.202577777777777801e-02
1.554490666666666632e-01 0.000000000000000000e+00 3.911457777777777728e-02 4.313191111111110837e-02 4.434728888888889164e-02 3.197911111111111093e-02
