8.551194666666667166e-01 4.126439111111110947e-01 2.941567111111111354e-01 1.175126222222222239e-01 4.851644444444444537e-02 2.000000000000000042e-02
4.127713777777777815e-01 9.395288888888889134e-02 1.388520000000000032e-01 1.308939555555555523e-01 5.421946666666666720e-02 2.097786666666666758e-02
2.467003555555555561e-01 4.033795555555555468e-02 5.959040000000000170e-02 8.327413333333333334e-02 6.023084444444444518e-02 2.277973333333333308e-02
1.667000888888888754e-01 2.231626666666666758e-02 3.295075555555555813e-02 4.620417777777777874e-02 5.381653333333333289e-02 2.499635555555555430e-02
1.210176888888888913e-01 1.415022222222222202e-02 2.087831111111110999e-02 2.926951111111111142e-02 4.080328888888888617e-02 2.678480000000000097e-02
9.184426666666666017e-02 9.771022222222222262e-03 1.440391111111111178e-02 2.018924444444444508e-02 2.864364444444444588e-02 2.667386666666666725e-02
7.183973333333333600e-02 7.152533333333333139e-03 1.053564444444444505e-02 1.476311111111111053e-02 2.094266666666666499e-02 2.417688888888889012e-02
5.726906666666666673e-02 5.466666666666666549e-03 8.040088888888888632e-03 1.126257777777777726e-02 1.597608888888888898e-02 2.089359999999999828e-02
4.615644444444444439e-02 4.316000000000000392e-03 6.340266666666666967e-03 8.875022222222223034e-03 1.258791111111111187e-02 1.748097777777777792e-02
3.737537777777778097e-02 3.495466666666666774e-03 5.125777777777777711e-03 7.174400000000000048e-03 1.017368888888888975e-02 1.418853333333333286e-02
3.083955555555555408e-02 2.887466666666666740e-03 4.231555555555555244e-03 5.919733333333333097e-03 8.392977777777777329e-03 1.170408888888888922e-02
2.588719999999999910e-02 2.431200000000000114e-03 3.553066666666666873e-03 4.967377777777778197e-03 7.042044444444444697e-03 9.820088888888888964e-03
2.203902222222222165e-02 2.074311111111111321e-03 3.025955555555555430e-03 4.228088888888889216e-03 5.993066666666666334e-03 8.356444444444444120e-03
1.898959999999999884e-02 1.790399999999999934e-03 2.608533333333333277e-03 3.642933333333333266e-03 5.162311111111110920e-03 7.197688888888888539e-03
1.653591111111111026e-02 1.563644444444444457e-03 2.273422222222222164e-03 3.171466666666666705e-03 4.492622222222222329e-03 6.264266666666666421e-03
1.452737777777777725e-02 1.376355555555555448e-03 1.996977777777777987e-03 2.785244444444444443e-03 3.946222222222222492e-03 5.501244444444444541e-03
1.287031111111111049e-02 1.225866666666666684e-03 1.771022222222222312e-03 2.466577777777777692e-03 3.493155555555555510e-03 4.869333333333333153e-03
1.147786666666666608e-02 1.095288888888888961e-03 1.580444444444444431e-03 2.199022222222222090e-03 3.114311111111111013e-03 4.340622222222222104e-03
1.030426666666666748e-02 9.879999999999999460e-04 1.419644444444444426e-03 1.973955555555555446e-03 2.793688888888889044e-03 3.893333333333333281e-03
9.302222222222222142e-03 8.962666666666666958e-04 1.281955555555555539e-03 1.780622222222222328e-03 2.520088888888888899e-03 3.512622222222222361e-03
8.437422222222221505e-03 8.134222222222222375e-04 1.163377777777777674e-03 1.615377777777777819e-03 2.285155555555555638e-03 3.184355555555555377e-03
7.688533333333333157e-03 7.433777777777777649e-04 1.060177777777777768e-03 1.472177777777777807e-03 2.081599999999999857e-03 2.900266666666666618e-03
7.040622222222222247e-03 6.866666666666666969e-04 9.713777777777777775e-04 1.346133333333333383e-03 1.903822222222222287e-03 2.652533333333333479e-03
6.466488888888888981e-03 6.300444444444444235e-04 8.938666666666666375e-04 1.236888888888888934e-03 1.748622222222222201e-03 2.435466666666666596e-03
5.966577777777777765e-03 5.871999999999999616e-04 8.240888888888888743e-04 1.140355555555555567e-03 1.610844444444444520e-03 2.244088888888888696e-03
5.515288888888888845e-03 5.430222222222221701e-04 7.623111111111110887e-04 1.054044444444444430e-03 1.488622222222222170e-03 2.073600000000000096e-03
5.118666666666666330e-03 5.055111111111111350e-04 7.085333333333332807e-04 9.785777777777777357e-04 1.380355555555555546e-03 1.922755555555555503e-03
4.766933333333333266e-03 4.758222222222222172e-04 6.602666666666667057e-04 9.096888888888888950e-04 1.283733333333333384e-03 1.787377777777777879e-03
4.442755555555555173e-03 4.425777777777777718e-04 6.158222222222222049e-04 8.485333333333333226e-04 1.196800000000000034e-03 1.666044444444444344e-03
4.153422222222221891e-03 4.144888888888888928e-04 5.768888888888889371e-04 7.926222222222222740e-04 1.117866666666666661e-03 1.556266666666666692e-03
3.895288888888888933e-03 3.931555555555555650e-04 5.409777777777777241e-04 7.427555555555555517e-04 1.046577777777777871e-03 1.457511111111111073e-03
3.663200000000000137e-03 3.737777777777777800e-04 5.092444444444444145e-04 6.972444444444444306e-04 9.826666666666666276e-04 1.367644444444444463e-03
3.446666666666666455e-03 3.552888888888888633e-04 4.791111111111110896e-04 6.557333333333332983e-04 9.231111111111110941e-04 1.285333333333333423e-03
3.244088888888888716e-03 3.294222222222222365e-04 4.521777777777777883e-04 6.186666666666666703e-04 8.698666666666667047e-04 1.210933333333333349e-03
3.065066666666666721e-03 3.127111111111111107e-04 4.277333333333333400e-04 5.840888888888888953e-04 8.216000000000000213e-04 1.142844444444444420e-03
2.899911111111111005e-03 2.982222222222222371e-04 4.045333333333333181e-04 5.523555555555555857e-04 7.766222222222222103e-04 1.080000000000000014e-03
2.750933333333333269e-03 2.856888888888889063e-04 3.841777777777777617e-04 5.232000000000000322e-04 7.356444444444444966e-04 1.022311111111111120e-03
2.613066666666666576e-03 2.750222222222222152e-04 3.643555555555555697e-04 4.960000000000000216e-04 6.971555555555555275e-04 9.695111111111111377e-04
2.488622222222222190e-03 2.677333333333333540e-04 3.476444444444444439e-04 4.713777777777777671e-04 6.621333333333333454e-04 9.202666666666666287e-04
2.371822222222222387e-03 2.597333333333333221e-04 3.311111111111111243e-04 4.484444444444444546e-04 6.296888888888889195e-04 8.742222222222221974e-04
2.251822222222222072e-03 2.412444444444444326e-04 3.158222222222222312e-04 4.266666666666666654e-04 5.986666666666666178e-04 8.322666666666666581e-04
2.145600000000000111e-03 2.261333333333333457e-04 3.022222222222222259e-04 4.071999999999999773e-04 5.706666666666666962e-04 7.933333333333332819e-04
2.049333333333333129e-03 2.176888888888888797e-04 2.890666666666666818e-04 3.892444444444444250e-04 5.449777777777778213e-04 7.567111111111110610e-04
1.958399999999999898e-03 2.096888888888889021e-04 2.759111111111111378e-04 3.719111111111110860e-04 5.204444444444444699e-04 7.224888888888888984e-04
1.875200000000000044e-03 2.033777777777777851e-04 2.640888888888888691e-04 3.548444444444444562e-04 4.975999999999999521e-04 6.908444444444444919e-04
1.798755555555555524e-03 1.964444444444444549e-04 2.541333333333333487e-04 3.403555555555555826e-04 4.765333333333333335e-04 6.613333333333333260e-04
1.725422222222222288e-03 1.892444444444444426e-04 2.439999999999999949e-04 3.267555555555555773e-04 4.564444444444444322e-04 6.335111111111111021e-04
1.659022222222222192e-03 1.834666666666666629e-04 2.358222222222222111e-04 3.132444444444444209e-04 4.374222222222222053e-04 6.074666666666666149e-04
1.594577777777777747e-03 1.782222222222222205e-04 2.252444444444444503e-04 3.006222222222222412e-04 4.204444444444444245e-04 5.828444444444444688e-04
1.536000000000000039e-03 1.755555555555555613e-04 2.175111111111111006e-04 2.889777777777777787e-04 4.030222222222222365e-04 5.596444444444444470e-04
1.479911111111111184e-03 1.723555555555555648e-04 2.090666666666666617e-04 2.780444444444444326e-04 3.875555555555555373e-04 5.378666666666666579e-04
1.428355555555555628e-03 1.698666666666666576e-04 2.010666666666666570e-04 2.681777777777777610e-04 3.728000000000000085e-04 5.176000000000000045e-04
1.379377777777777720e-03 1.668444444444444402e-04 1.947555555555555672e-04 2.580444444444444344e-04 3.591111111111111001e-04 4.980444444444444676e-04
1.332622222222222281e-03 1.645333333333333392e-04 1.880888888888888920e-04 2.488888888888888791e-04 3.461333333333333081e-04 4.799111111111111091e-04
1.289688888888888916e-03 1.621333333333333350e-04 1.823111111111111124e-04 2.399111111111111030e-04 3.340444444444444386e-04 4.624888888888888669e-04
1.248799999999999997e-03 1.591999999999999936e-04 1.762666666666666776e-04 2.321777777777777804e-04 3.222222222222222241e-04 4.465777777777777606e-04
1.205511111111111019e-03 1.526222222222222216e-04 1.714666666666666694e-04 2.241777777777777757e-04 3.110222222222222229e-04 4.307555555555555573e-04
1.160533333333333425e-03 1.427555555555555500e-04 1.664888888888888820e-04 2.162666666666666741e-04 3.001777777777777799e-04 4.158222222222222224e-04
1.121155555555555534e-03 1.343999999999999871e-04 1.620444444444444319e-04 2.091555555555555648e-04 2.904888888888889145e-04 4.019555555555555620e-04
1.083022222222222285e-03 1.281777777777777733e-04 1.557333333333333421e-04 2.030222222222222270e-04 2.808888888888888980e-04 3.888888888888888669e-04
1.049511111111111131e-03 1.251555555555555559e-04 1.512888888888888920e-04 1.963555555555555518e-04 2.719999999999999979e-04 3.761777777777777841e-04
1.016888888888888790e-03 1.221333333333333385e-04 1.467555555555555659e-04 1.903111111111111171e-04 2.632888888888889039e-04 3.643555555555555697e-04
9.849777777777776744e-04 1.184000000000000048e-04 1.421333333333333368e-04 1.846222222222222134e-04 2.552000000000000232e-04 3.527111111111111072e-04
9.556444444444444231e-04 1.158222222222222216e-04 1.378666666666666658e-04 1.791999999999999919e-04 2.471999999999999914e-04 3.420444444444444704e-04
9.279111111111111023e-04 1.133333333333333279e-04 1.336888888888888979e-04 1.737777777777777704e-04 2.399111111111111030e-04 3.313777777777777793e-04
9.015111111111111112e-04 1.109333333333333373e-04 1.295111111111111029e-04 1.688888888888888861e-04 2.327999999999999937e-04 3.213333333333333558e-04
8.764444444444444496e-04 1.084444444444444437e-04 1.264000000000000095e-04 1.638222222222222228e-04 2.262222222222222217e-04 3.119111111111110913e-04
8.516444444444444973e-04 1.055111111111111158e-04 1.232888888888888891e-04 1.595555555555555518e-04 2.196444444444444497e-04 3.028444444444444391e-04
8.279999999999999600e-04 1.034666666666666699e-04 1.204444444444444508e-04 1.548444444444444467e-04 2.130666666666666776e-04 2.939555555555555390e-04
8.062222222222221709e-04 1.014222222222222239e-04 1.175999999999999989e-04 1.507555555555555548e-04 2.067555555555555607e-04 2.860444444444444644e-04
7.856888888888889167e-04 9.946666666666666753e-05 1.148444444444444502e-04 1.467555555555555659e-04 2.014222222222222152e-04 2.778666666666666806e-04
7.657777777777777673e-04 9.751111111111111112e-05 1.119999999999999983e-04 1.430222222222222322e-04 1.959111111111111177e-04 2.703111111111111101e-04
7.464888888888889396e-04 9.564444444444444426e-05 1.090666666666666705e-04 1.395555555555555536e-04 1.904888888888888962e-04 2.630222222222222488e-04
7.283555555555555269e-04 9.377777777777777739e-05 1.065777777777777768e-04 1.361777777777777780e-04 1.857777777777777910e-04 2.557333333333333333e-04
7.105777777777777266e-04 9.200000000000000007e-05 1.047999999999999995e-04 1.321777777777777892e-04 1.807111111111111006e-04 2.491555555555555342e-04
6.940444444444444612e-04 9.022222222222222275e-05 1.031111111111111117e-04 1.290666666666666687e-04 1.760888888888888985e-04 2.431111111111110995e-04
6.775999999999999905e-04 8.835555555555555589e-05 1.015111111111111135e-04 1.258666666666666723e-04 1.715555555555555453e-04 2.364444444444444514e-04
6.617777777777777331e-04 8.666666666666666811e-05 9.964444444444444662e-05 1.224888888888888967e-04 1.673777777777777775e-04 2.301333333333333345e-04
6.472888888888889136e-04 8.533333333333333851e-05 9.795555555555555884e-05 1.197333333333333344e-04 1.632888888888888855e-04 2.245333333333333339e-04
6.330666666666666951e-04 8.373333333333332672e-05 9.626666666666667106e-05 1.170666666666666617e-04 1.592888888888888967e-04 2.187555555555555542e-04
6.192888888888888835e-04 8.213333333333332849e-05 9.448888888888889374e-05 1.144888888888888920e-04 1.554666666666666599e-04 2.132444444444444567e-04
6.060444444444444906e-04 8.026666666666666162e-05 9.280000000000000597e-05 1.117333333333333297e-04 1.517333333333333262e-04 2.081777777777777663e-04
5.931555555555556017e-04 7.839999999999999476e-05 9.075555555555556001e-05 1.094222222222222287e-04 1.482666666666666746e-04 2.037333333333333433e-04
5.810666666666666237e-04 7.644444444444443835e-05 8.871111111111111406e-05 1.072888888888888932e-04 1.449777777777777751e-04 1.989333333333333351e-04
5.693333333333333666e-04 7.644444444444443835e-05 8.568888888888888313e-05 1.050666666666666681e-04 1.413333333333333444e-04 1.944000000000000090e-04
5.576000000000000010e-04 7.644444444444443835e-05 8.373333333333332672e-05 1.023111111111111058e-04 1.380444444444444449e-04 1.896000000000000007e-04
5.470222222222222673e-04 7.644444444444443835e-05 8.222222222222221803e-05 9.982222222222222570e-05 1.352000000000000066e-04 1.853333333333333297e-04
5.366222222222222313e-04 7.644444444444443835e-05 8.044444444444444071e-05 9.777777777777777975e-05 1.322666666666666652e-04 1.814222222222222169e-04
5.263111111111110985e-04 7.644444444444443835e-05 7.857777777777777385e-05 9.591111111111111289e-05 1.292444444444444478e-04 1.774222222222222281e-04
5.165333333333333842e-04 7.644444444444443835e-05 7.688888888888888607e-05 9.386666666666666694e-05 1.265777777777777886e-04 1.733333333333333362e-04
