1.368230222222222292e-01 1.680124444444444295e-02 2.479448888888888952e-02 3.476657777777777958e-02 4.615608888888889094e-02 2.618106666666666568e-02
1.413898666666666692e-01 1.692319999999999935e-02 2.620275555555555413e-02 3.627377777777777978e-02 4.738746666666666940e-02 2.657031111111111260e-02
1.461265777777777664e-01 1.701831111111111114e-02 2.771013333333333453e-02 3.782631111111110778e-02 4.877528888888888609e-02 2.691440000000000152e-02
1.510168000000000066e-01 1.706462222222222130e-02 2.930177777777777728e-02 3.944968888888888969e-02 5.009031111111111184e-02 2.730995555555555676e-02
1.560575111111111024e-01 1.705182222222222099e-02 3.099493333333333198e-02 4.114524444444444401e-02 5.152871111111111124e-02 2.768382222222222355e-02
1.612469333333333421e-01 1.696622222222222282e-02 3.278284444444444501e-02 4.292355555555555507e-02 5.293208888888888825e-02 2.805804444444444379e-02
1.665939555555555618e-01 1.679742222222222262e-02 3.468408888888888791e-02 4.478195555555555818e-02 5.435279999999999972e-02 2.845795555555555648e-02
1.720861333333333354e-01 1.653217777777777828e-02 3.670346666666666341e-02 4.673848888888888775e-02 5.591902222222222552e-02 2.883777777777777815e-02
1.777309333333333408e-01 1.616506666666666509e-02 3.883893333333333225e-02 4.877377777777777701e-02 5.741164444444444431e-02 2.924097777777777754e-02
1.835239999999999927e-01 1.566666666666666555e-02 4.110799999999999871e-02 5.091306666666666619e-02 5.900373333333333581e-02 2.963857777777777897e-02
1.894608000000000125e-01 1.504239999999999917e-02 4.352133333333333548e-02 5.314640000000000336e-02 6.069457777777777924e-02 3.003066666666666731e-02
1.955443555555555490e-01 1.426044444444444365e-02 4.607164444444444146e-02 5.544897777777777620e-02 6.231288888888888988e-02 3.044728888888888901e-02
2.017768888888888945e-01 1.331075555555555519e-02 4.878426666666666606e-02 5.790044444444444188e-02 6.404160000000000408e-02 3.085724444444444547e-02
2.081577777777777749e-01 1.219040000000000054e-02 5.164755555555555766e-02 6.041315555555555605e-02 6.585955555555556007e-02 3.126400000000000012e-02
2.146867555555555529e-01 1.087608888888888861e-02 5.469457777777778085e-02 6.309964444444444986e-02 6.766666666666666663e-02 3.168942222222222160e-02
2.213570666666666575e-01 9.335822222222222092e-03 5.793182222222222066e-02 6.586062222222222040e-02 6.951831111111110573e-02 3.211493333333333144e-02
2.281703111111111071e-01 7.566488888888889264e-03 6.135466666666666846e-02 6.879626666666666113e-02 7.148933333333333529e-02 3.253751111111111149e-02
2.351353777777777654e-01 5.552622222222222508e-03 6.497191111111111361e-02 7.182284444444445026e-02 7.343084444444444858e-02 3.297031111111110857e-02
2.422430222222222151e-01 3.263377777777777978e-03 6.878693333333332771e-02 7.499191111111111474e-02 7.543635555555555650e-02 3.341093333333332999e-02
2.494931555555555680e-01 1.017066666666666596e-03 7.135902222222222091e-02 7.829928888888888772e-02 7.757680000000000131e-02 3.385084444444444451e-02
2.568832888888888943e-01 1.235555555555555509e-05 7.322524444444444836e-02 8.176417777777778007e-02 7.969875555555555602e-02 3.428942222222221975e-02
2.644224000000000019e-01 0.000000000000000000e+00 7.458897777777777349e-02 8.539315555555555826e-02 8.188639999999999808e-02 3.474515555555555274e-02
2.721004444444444226e-01 0.000000000000000000e+00 7.584000000000000463e-02 8.918604444444444557e-02 8.421182222222221847e-02 3.520222222222222502e-02
2.799168000000000212e-01 0.000000000000000000e+00 7.699137777777777247e-02 9.315075555555556164e-02 8.649724444444444049e-02 3.564702222222222022e-02
2.878600888888888654e-01 0.000000000000000000e+00 7.803893333333333793e-02 9.723946666666666294e-02 8.886586666666666801e-02 3.611786666666666479e-02
2.959714666666666827e-01 0.000000000000000000e+00 7.898062222222222706e-02 1.015817777777777708e-01 9.125919999999999865e-02 3.659208888888888789e-02
3.041893333333333116e-01 0.000000000000000000e+00 7.978755555555555601e-02 1.060617777777777826e-01 9.385253333333333503e-02 3.706444444444444153e-02
3.125456888888888951e-01 0.000000000000000000e+00 8.045386666666666520e-02 1.108092444444444408e-01 9.639359999999999595e-02 3.752880000000000105e-02
3.210527111111111109e-01 0.000000000000000000e+00 8.097057777777777465e-02 1.157121777777777721e-01 9.901368888888889552e-02 3.801937777777777971e-02
3.296721777777777973e-01 0.000000000000000000e+00 8.132168888888888225e-02 1.208305777777777812e-01 1.016879111111111123e-01 3.851306666666666489e-02
3.384160888888889107e-01 0.000000000000000000e+00 8.148968888888888373e-02 1.261904888888888965e-01 1.044289777777777789e-01 3.900195555555555776e-02
3.473064888888888757e-01 0.000000000000000000e+00 8.147795555555555069e-02 1.317984000000000100e-01 1.073990222222222235e-01 3.948568888888889100e-02
3.563127111111111245e-01 0.000000000000000000e+00 8.123431111111110992e-02 1.376532444444444336e-01 1.102881777777777739e-01 3.999502222222222486e-02
3.654247999999999941e-01 0.000000000000000000e+00 8.078373333333332962e-02 1.437814222222222327e-01 1.132665777777777799e-01 4.050977777777777650e-02
3.746511111111111014e-01 0.000000000000000000e+00 8.008551111111110454e-02 1.501064888888888893e-01 1.162983111111111079e-01 4.102826666666666705e-02
3.839935111111111299e-01 0.000000000000000000e+00 7.913040000000000351e-02 1.568016000000000132e-01 1.194337777777777776e-01 4.153235555555555292e-02
3.934599111111111158e-01 0.000000000000000000e+00 7.790444444444444283e-02 1.637159111111111121e-01 1.226542222222222200e-01 4.204711111111111149e-02
4.030245333333333235e-01 0.000000000000000000e+00 7.637688888888888306e-02 1.709421333333333293e-01 1.261006222222222084e-01 4.258257777777777614e-02
4.126925333333333334e-01 0.000000000000000000e+00 7.452648888888889489e-02 1.785831999999999975e-01 1.294734222222222175e-01 4.312284444444444698e-02
4.224408000000000052e-01 0.000000000000000000e+00 7.237911111111111628e-02 1.864730666666666592e-01 1.329307555555555576e-01 4.366773333333333340e-02
4.322606222222222239e-01 0.000000000000000000e+00 6.981484444444444049e-02 1.947197333333333391e-01 1.364936888888888811e-01 4.420302222222222133e-02
4.421586666666666443e-01 0.000000000000000000e+00 6.691893333333333305e-02 2.032384000000000135e-01 1.401451555555555673e-01 4.474720000000000086e-02
4.521345777777777686e-01 0.000000000000000000e+00 6.360168888888888261e-02 2.122163555555555692e-01 1.438599999999999879e-01 4.529768888888888873e-02
4.621767999999999987e-01 0.000000000000000000e+00 5.987084444444444598e-02 2.215846222222222217e-01 1.476871999999999907e-01 4.586222222222222089e-02
4.722820444444444377e-01 0.000000000000000000e+00 5.571591111111111327e-02 2.312458666666666607e-01 1.515839999999999965e-01 4.643422222222222395e-02
4.824825777777777547e-01 0.000000000000000000e+00 5.123013333333333030e-02 2.413036444444444373e-01 1.557880888888888982e-01 4.701164444444444479e-02
4.926939555555555628e-01 0.000000000000000000e+00 4.614000000000000046e-02 2.517745777777777860e-01 1.599051555555555670e-01 4.759448888888889034e-02
5.029903111111111436e-01 0.000000000000000000e+00 4.067866666666666853e-02 2.626628444444444321e-01 1.641413333333333335e-01 4.817217777777777626e-02
5.133379555555555029e-01 0.000000000000000000e+00 3.475377777777777927e-02 2.739894222222222231e-01 1.684749333333333265e-01 4.875813333333333527e-02
5.236906666666666377e-01 0.000000000000000000e+00 2.827119999999999980e-02 2.857415999999999845e-01 1.728881777777777906e-01 4.935146666666666987e-02
5.340739555555555906e-01 0.000000000000000000e+00 2.133431111111111153e-02 2.977600888888888853e-01 1.774416000000000049e-01 4.995155555555555460e-02
5.445437333333332797e-01 0.000000000000000000e+00 1.380328888888888821e-02 3.104648888888889013e-01 1.820720888888889000e-01 5.055777777777777787e-02
5.549287111111110837e-01 0.000000000000000000e+00 5.820088888888888881e-03 3.228959111111111002e-01 1.868271999999999988e-01 5.117084444444444657e-02
5.653479999999999617e-01 0.000000000000000000e+00 8.974222222222222193e-04 3.309017777777777947e-01 1.916945777777777915e-01 5.179031111111111196e-02
5.756423111111110824e-01 0.000000000000000000e+00 0.000000000000000000e+00 3.364503111111111222e-01 1.966706666666666603e-01 5.241653333333333442e-02
5.859676444444444909e-01 0.000000000000000000e+00 0.000000000000000000e+00 3.409218666666666842e-01 2.017641777777777756e-01 5.305111111111111138e-02
5.962132444444444568e-01 0.000000000000000000e+00 0.000000000000000000e+00 3.453650666666666647e-01 2.069565333333333312e-01 5.369155555555555487e-02
6.067068444444444486e-01 0.000000000000000000e+00 0.000000000000000000e+00 3.498088888888888914e-01 2.122998222222222120e-01 5.433813333333332996e-02
6.171315555555555443e-01 0.000000000000000000e+00 0.000000000000000000e+00 3.540666666666666407e-01 2.177400888888888775e-01 5.499048888888889014e-02
6.274863111111110836e-01 0.000000000000000000e+00 0.000000000000000000e+00 3.581557333333333371e-01 2.233079111111111181e-01 5.564933333333333537e-02
6.374748444444444662e-01 0.000000000000000000e+00 0.000000000000000000e+00 3.617846222222222408e-01 2.287654222222222089e-01 5.631457777777777729e-02
6.475371555555555769e-01 0.000000000000000000e+00 0.000000000000000000e+00 3.653780444444444386e-01 2.346222222222222320e-01 5.698568888888888573e-02
6.574896888888889235e-01 0.000000000000000000e+00 0.000000000000000000e+00 3.685916444444444218e-01 2.405697777777777713e-01 5.766444444444444178e-02
6.677235555555555147e-01 0.000000000000000000e+00 0.000000000000000000e+00 3.719784888888889030e-01 2.466616000000000086e-01 5.835146666666666398e-02
6.778425777777777883e-01 0.000000000000000000e+00 0.000000000000000000e+00 3.751554666666666593e-01 2.528413333333333068e-01 5.904559999999999670e-02
6.872838222222221738e-01 0.000000000000000000e+00 0.000000000000000000e+00 3.775584000000000162e-01 2.591782222222221987e-01 5.974693333333333523e-02
6.965744000000000380e-01 0.000000000000000000e+00 0.000000000000000000e+00 3.797073777777777992e-01 2.656701333333333359e-01 6.045573333333333077e-02
7.067855111111110977e-01 0.000000000000000000e+00 0.000000000000000000e+00 3.825326222222222294e-01 2.722186666666666643e-01 6.117235555555555759e-02
7.160805333333333245e-01 0.000000000000000000e+00 0.000000000000000000e+00 3.843159999999999910e-01 2.786635555555555532e-01 6.189742222222222034e-02
7.254625777777777840e-01 0.000000000000000000e+00 0.000000000000000000e+00 3.861078222222222300e-01 2.854529777777777833e-01 6.263288888888889072e-02
7.342496888888888629e-01 0.000000000000000000e+00 0.000000000000000000e+00 3.872374222222222384e-01 2.924023111111110906e-01 6.336844444444444946e-02
7.435448888888889218e-01 0.000000000000000000e+00 0.000000000000000000e+00 3.885779555555555764e-01 2.995022222222222252e-01 6.410639999999999394e-02
7.523411555555555852e-01 0.000000000000000000e+00 0.000000000000000000e+00 3.893618666666666672e-01 3.066568888888888678e-01 6.485182222222221626e-02
7.604486222222222036e-01 0.000000000000000000e+00 0.000000000000000000e+00 3.893954666666666897e-01 3.136598222222222176e-01 6.561039999999999928e-02
7.691400888888888510e-01 0.000000000000000000e+00 0.000000000000000000e+00 3.899476444444444634e-01 3.210392888888888852e-01 6.638124444444444550e-02
7.770588444444443965e-01 0.000000000000000000e+00 0.000000000000000000e+00 3.895850666666666462e-01 3.284967111111111171e-01 6.704408888888889473e-02
7.844685333333333288e-01 0.000000000000000000e+00 0.000000000000000000e+00 3.885885333333333191e-01 3.360207111111110923e-01 6.783111111111110592e-02
7.925382222222222550e-01 0.000000000000000000e+00 0.000000000000000000e+00 3.881200888888888811e-01 3.434195555555555335e-01 6.861324444444444337e-02
8.004072888888889015e-01 0.000000000000000000e+00 0.000000000000000000e+00 3.874531555555555395e-01 3.511888888888888838e-01 6.940559999999999785e-02
8.072639111111110655e-01 0.000000000000000000e+00 0.000000000000000000e+00 3.855603555555555673e-01 3.589773333333333150e-01 7.021804444444444682e-02
8.140519111111110817e-01 0.000000000000000000e+00 0.000000000000000000e+00 3.835462222222222328e-01 3.665713777777777627e-01 7.104684444444445135e-02
8.208979555555555585e-01 0.000000000000000000e+00 0.000000000000000000e+00 3.814598222222222446e-01 3.746816000000000035e-01 7.186071111111111409e-02
8.268086222222221782e-01 0.000000000000000000e+00 0.000000000000000000e+00 3.782925333333333473e-01 3.827820444444444692e-01 7.268320000000000336e-02
8.331780444444444322e-01 0.000000000000000000e+00 0.000000000000000000e+00 3.759527111111111153e-01 3.904077333333333399e-01 7.353084444444443757e-02
8.374800000000000022e-01 0.000000000000000000e+00 0.000000000000000000e+00 3.710396444444444275e-01 3.985296888888889000e-01 7.438897777777778164e-02
8.439334222222222293e-01 0.000000000000000000e+00 0.000000000000000000e+00 3.682878222222222275e-01 4.065784000000000065e-01 7.523520000000000207e-02
8.480784000000000100e-01 0.000000000000000000e+00 0.000000000000000000e+00 3.635488888888888659e-01 4.144935111111111015e-01 7.610106666666666131e-02
8.527684444444444400e-01 0.000000000000000000e+00 0.000000000000000000e+00 3.588575111111111382e-01 4.229281777777778029e-01 7.699013333333333542e-02
8.575184000000000140e-01 0.000000000000000000e+00 0.000000000000000000e+00 3.541679999999999828e-01 4.309985777777777805e-01 7.786222222222222156e-02
8.596380444444444713e-01 0.000000000000000000e+00 0.000000000000000000e+00 3.471453333333333058e-01 4.393335111111111302e-01 7.875528888888888579e-02
