0.000000000000000000e+00 0.000000000000000000e+00 0.000000000000000000e+00 0.000000000000000000e+00 0.000000000000000000e+00 0.000000000000000000e+00
7.607035555555555773e-01 0.000000000000000000e+00 0.000000000000000000e+00 0.000000000000000000e+00 0.000000000000000000e+00 7.607035555555555773e-01
8.925031111111111359e-01 0.000000000000000000e+00 0.000000000000000000e+00 0.000000000000000000e+00 0.000000000000000000e+00 8.925031111111111359e-01
9.324089777777777588e-01 0.000000000000000000e+00 0.000000000000000000e+00 0.000000000000000000e+00 0.000000000000000000e+00 9.324089777777777588e-01
9.516320000000000334e-01 0.000000000000000000e+00 0.000000000000000000e+00 0.000000000000000000e+00 0.000000000000000000e+00 9.516320000000000334e-01
9.629398222222221859e-01 0.000000000000000000e+00 0.000000000000000000e+00 0.000000000000000000e+00 0.000000000000000000e+00 9.629398222222221859e-01
9.703435555555555148e-01 0.000000000000000000e+00 0.000000000000000000e+00 0.000000000000000000e+00 0.000000000000000000e+00 9.703435555555555148e-01
9.756442666666667041e-01 0.000000000000000000e+00 0.000000000000000000e+00 0.000000000000000000e+00 0.000000000000000000e+00 9.756442666666667041e-01
9.795457777777777375e-01 0.000000000000000000e+00 0.000000000000000000e+00 0.000000000000000000e+00 0.000000000000000000e+00 9.795457777777777375e-01
9.825168888888888841e-01 0.000000000000000000e+00 0.000000000000000000e+00 0.000000000000000000e+00 0.000000000000000000e+00 9.825168888888888841e-01
9.847263111111110856e-01 0.000000000000000000e+00 0.000000000000000000e+00 0.000000000000000000e+00 0.000000000000000000e+00 9.847263111111110856e-01
9.866582222222222143e-01 0.000000000000000000e+00 0.000000000000000000e+00 0.000000000000000000e+00 0.000000000000000000e+00 9.866582222222222143e-01
9.881931555555555358e-01 0.000000000000000000e+00 0.000000000000000000e+00 0.000000000000000000e+00 2.624311111111110942e-02 9.812550222222222729e-01
9.895720888888889233e-01 0.000000000000000000e+00 0.000000000000000000e+00 0.000000000000000000e+00 1.240083555555555606e-01 9.557565333333333246e-01
9.906353777777777703e-01 0.000000000000000000e+00 0.000000000000000000e+00 0.000000000000000000e+00 2.205417777777777810e-01 9.109998222222221997e-01
9.915967111111111398e-01 0.000000000000000000e+00 0.000000000000000000e+00 0.000000000000000000e+00 3.031088888888888722e-01 8.343362666666667149e-01
9.924815999999999638e-01 0.000000000000000000e+00 0.000000000000000000e+00 0.000000000000000000e+00 3.743777777777777538e-01 7.490608888888888872e-01
9.931087111111110977e-01 0.000000000000000000e+00 0.000000000000000000e+00 0.000000000000000000e+00 4.363087111111111360e-01 6.747693333333333321e-01
9.920510222222221897e-01 0.000000000000000000e+00 0.000000000000000000e+00 0.000000000000000000e+00 4.887095111111111057e-01 6.099462222222221675e-01
9.826649777777777262e-01 0.000000000000000000e+00 0.000000000000000000e+00 0.000000000000000000e+00 5.265583999999999820e-01 5.527283555555555505e-01
9.663580444444443973e-01 0.000000000000000000e+00 0.000000000000000000e+00 0.000000000000000000e+00 5.520317333333333298e-01 5.021080888888889149e-01
9.448266666666667035e-01 0.000000000000000000e+00 0.000000000000000000e+00 0.000000000000000000e+00 5.676127111111111123e-01 4.571195555555555567e-01
9.192133333333333267e-01 0.000000000000000000e+00 0.000000000000000000e+00 0.000000000000000000e+00 5.752780444444444141e-01 4.167922666666666887e-01
8.909158222222222090e-01 0.000000000000000000e+00 0.000000000000000000e+00 5.767111111111111309e-04 5.763639999999999874e-01 3.808520888888888845e-01
8.606153777777777458e-01 0.000000000000000000e+00 0.000000000000000000e+00 1.897324444444444327e-02 5.677408000000000454e-01 3.485663111111111379e-01
8.287712000000000412e-01 0.000000000000000000e+00 0.000000000000000000e+00 5.002551111111110810e-02 5.491515555555555039e-01 3.192881777777777930e-01
7.963022222222222446e-01 0.000000000000000000e+00 0.000000000000000000e+00 8.139395555555554995e-02 5.147464000000000484e-01 2.930119999999999947e-01
7.632907555555555890e-01 0.000000000000000000e+00 0.000000000000000000e+00 1.067491555555555582e-01 4.728061333333333227e-01 2.690469333333333490e-01
7.304118222222222290e-01 0.000000000000000000e+00 0.000000000000000000e+00 1.266792888888888802e-01 4.347021333333333515e-01 2.474629333333333292e-01
6.976025777777777881e-01 0.000000000000000000e+00 0.000000000000000000e+00 1.420629333333333355e-01 4.000583111111111201e-01 2.276710222222222135e-01
6.652440888888888626e-01 0.000000000000000000e+00 0.000000000000000000e+00 1.536359999999999948e-01 3.684323555555555352e-01 2.096175111111110989e-01
6.337217777777778283e-01 0.000000000000000000e+00 0.000000000000000000e+00 1.620075555555555435e-01 3.396233777777777907e-01 1.933522666666666612e-01
6.027574222222221723e-01 0.000000000000000000e+00 0.000000000000000000e+00 1.677208888888888916e-01 3.132692444444444280e-01 1.782832000000000028e-01
5.726674666666666802e-01 0.000000000000000000e+00 0.000000000000000000e+00 1.711686222222222331e-01 2.891875555555555311e-01 1.645055111111111135e-01
5.437039111111111600e-01 0.000000000000000000e+00 0.000000000000000000e+00 1.727670222222222329e-01 2.670656888888888747e-01 1.520677333333333436e-01
5.155447111111111091e-01 0.000000000000000000e+00 2.473777777777777867e-03 1.721070222222222112e-01 2.467932444444444484e-01 1.404696888888888884e-01
4.884199111111111047e-01 0.000000000000000000e+00 1.094551111111111141e-02 1.680812444444444442e-01 2.281124444444444510e-01 1.298325333333333331e-01
4.623589333333333329e-01 0.000000000000000000e+00 2.056622222222222185e-02 1.589807111111111171e-01 2.110005333333333233e-01 1.200606222222222186e-01
4.373381333333333232e-01 0.000000000000000000e+00 2.859297777777777827e-02 1.471175111111110989e-01 1.952537777777777761e-01 1.110430222222222180e-01
4.133687999999999807e-01 0.000000000000000000e+00 3.505973333333333580e-02 1.361892444444444406e-01 1.807473777777777735e-01 1.027400888888888864e-01
3.906674666666666851e-01 0.000000000000000000e+00 4.019608888888889092e-02 1.261055111111111238e-01 1.673623999999999945e-01 9.528711111111111409e-02
3.688205333333333114e-01 0.000000000000000000e+00 4.418871111111111194e-02 1.168203555555555606e-01 1.549934222222222324e-01 8.824444444444444480e-02
3.480000888888888921e-01 0.000000000000000000e+00 4.721386666666666648e-02 1.082241777777777775e-01 1.436364444444444555e-01 8.176204444444444552e-02
3.281716444444444658e-01 0.000000000000000000e+00 4.940897777777777944e-02 1.003158222222222257e-01 1.331082666666666692e-01 7.576337777777777949e-02
3.092835555555555338e-01 0.000000000000000000e+00 5.089102222222222083e-02 9.300151111111111535e-02 1.234336000000000044e-01 7.020151111111111453e-02
2.913495111111111258e-01 0.000000000000000000e+00 5.177191111111111022e-02 8.623546666666666305e-02 1.144451555555555528e-01 6.505937777777777431e-02
2.743263111111111097e-01 8.933333333333332731e-05 5.211208888888888696e-02 7.999146666666666350e-02 1.061655111111111105e-01 6.031466666666666920e-02
2.581849777777777688e-01 2.203822222222222207e-03 5.140195555555555212e-02 7.419848888888888605e-02 9.847413333333333851e-02 5.591404444444444261e-02
2.429000000000000048e-01 5.270933333333333373e-03 4.909333333333333604e-02 6.884106666666667262e-02 9.138897777777778286e-02 5.185022222222222116e-02
2.286292444444444349e-01 7.930311111111110547e-03 4.555528888888888545e-02 6.389537777777777594e-02 8.476222222222222491e-02 4.829368888888888739e-02
2.149620444444444445e-01 1.010657777777777822e-02 4.228622222222222504e-02 5.930826666666666469e-02 7.874284444444444586e-02 4.482719999999999760e-02
2.020501333333333260e-01 1.186888888888888889e-02 3.925351111111111124e-02 5.506808888888888726e-02 7.303697777777777567e-02 4.162737777777777981e-02
1.898538666666666763e-01 1.327519999999999915e-02 3.645057777777777758e-02 5.110560000000000103e-02 6.784604444444444771e-02 3.865600000000000286e-02
1.783204444444444481e-01 1.437848888888888961e-02 3.384106666666666929e-02 4.745599999999999818e-02 6.296897777777778205e-02 3.587039999999999673e-02
1.674564444444444355e-01 1.522622222222222259e-02 3.142568888888888634e-02 4.409706666666666358e-02 5.846266666666666972e-02 3.327937777777777856e-02
1.572331555555555593e-01 1.587048888888888815e-02 2.919235555555555611e-02 4.094595555555555211e-02 5.431662222222222169e-02 3.087777777777777830e-02
1.476434666666666673e-01 1.635751111111111156e-02 2.711937777777777628e-02 3.803795555555555818e-02 5.048595555555555892e-02 2.866835555555555595e-02
1.386662222222222185e-01 1.673377777777777797e-02 2.519351111111111166e-02 3.533404444444444154e-02 4.684302222222222478e-02 2.661786666666666676e-02
1.303026666666666777e-01 1.704382222222222340e-02 2.340071111111111102e-02 3.281608888888888631e-02 4.359164444444444536e-02 2.470195555555555408e-02
1.225579555555555561e-01 1.734862222222222083e-02 2.174088888888888946e-02 3.049102222222222283e-02 4.049075555555555622e-02 2.292471111111111029e-02
1.154241777777777755e-01 1.768693333333333506e-02 2.020506666666666701e-02 2.835013333333333274e-02 3.762346666666666756e-02 2.128515555555555647e-02
1.088214222222222277e-01 1.802133333333333365e-02 1.877911111111111100e-02 2.633928888888888847e-02 3.496453333333333219e-02 1.975617777777777945e-02
1.025760888888888889e-01 1.822017777777777681e-02 1.744684444444444607e-02 2.446524444444444363e-02 3.246488888888889035e-02 1.833511111111111105e-02
9.659644444444444311e-02 1.821751111111111210e-02 1.620924444444444418e-02 2.273324444444444273e-02 3.019004444444444574e-02 1.699084444444444453e-02
8.989768888888888254e-02 1.707457777777777672e-02 1.507039999999999942e-02 2.113137777777777948e-02 2.805048888888888800e-02 1.577280000000000001e-02
8.353982222222222642e-02 1.587111111111111014e-02 1.401217777777777861e-02 1.965795555555555421e-02 2.607440000000000105e-02 1.463751111111111051e-02
7.762311111111111495e-02 1.474986666666666668e-02 1.301662222222222179e-02 1.827173333333333496e-02 2.423368888888888933e-02 1.359128888888888956e-02
7.212844444444443948e-02 1.371724444444444475e-02 1.209955555555555611e-02 1.698915555555555526e-02 2.250053333333333280e-02 1.262711111111111152e-02
6.703111111111111076e-02 1.275164444444444427e-02 1.125386666666666584e-02 1.577253333333333493e-02 2.094168888888888955e-02 1.169199999999999927e-02
6.229786666666666667e-02 1.185368888888888896e-02 1.045626666666666683e-02 1.468515555555555477e-02 1.947475555555555626e-02 1.086933333333333328e-02
5.789413333333333356e-02 1.101866666666666619e-02 9.720177777777777930e-03 1.364808888888888877e-02 1.810293333333333476e-02 1.003973333333333350e-02
5.380088888888889115e-02 1.024382222222222291e-02 9.044355555555555135e-03 1.267964444444444512e-02 1.682080000000000033e-02 9.344711111111111967e-03
4.999688888888888932e-02 9.526488888888889200e-03 8.408711111111110900e-03 1.178666666666666751e-02 1.567848888888889042e-02 8.670844444444445256e-03
4.646302222222221945e-02 8.859466666666666185e-03 7.814577777777777581e-03 1.096542222222222224e-02 1.459546666666666596e-02 8.039199999999999818e-03
4.316675555555555405e-02 8.232266666666666552e-03 7.264088888888888852e-03 1.018524444444444434e-02 1.350319999999999993e-02 7.462488888888888471e-03
4.010915555555555345e-02 7.653422222222222397e-03 6.759111111111110702e-03 9.477777777777777676e-03 1.259057777777777831e-02 6.912177777777778198e-03
3.728373333333333262e-02 7.120800000000000046e-03 6.282399999999999617e-03 8.815022222222222009e-03 1.167128888888888973e-02 6.391377777777778116e-03
3.464017777777778084e-02 6.618222222222222388e-03 5.843822222222222647e-03 8.197244444444444153e-03 1.083795555555555623e-02 5.906755555555555197e-03
3.219199999999999839e-02 6.155822222222222424e-03 5.428533333333333301e-03 7.633511111111110706e-03 1.016044444444444417e-02 5.443466666666666419e-03
2.990613333333333457e-02 5.723111111111111107e-03 5.047466666666666768e-03 7.084266666666666837e-03 9.382933333333332709e-03 5.099911111111111138e-03
2.778773333333333165e-02 5.325422222222222189e-03 4.695377777777777657e-03 6.591288888888888545e-03 8.758133333333332701e-03 4.688355555555555505e-03
2.581671111111111250e-02 4.950844444444444173e-03 4.371911111111110790e-03 6.125422222222222553e-03 8.145422222222222647e-03 4.320977777777778098e-03
2.399173333333333435e-02 4.603466666666666818e-03 4.061777777777777869e-03 5.688533333333333115e-03 7.517955555555555329e-03 4.052177777777777636e-03
2.228462222222222372e-02 4.282666666666666393e-03 3.773866666666666602e-03 5.304533333333333323e-03 7.027377777777777529e-03 3.633244444444444238e-03
2.069893333333333238e-02 3.980533333333333666e-03 3.513244444444444357e-03 4.940977777777777989e-03 6.585955555555555660e-03 3.448888888888888924e-03
1.923306666666666637e-02 3.698577777777777714e-03 3.269600000000000110e-03 4.598933333333333519e-03 5.995911111111111233e-03 3.150933333333333451e-03
1.785217777777777654e-02 3.440533333333333117e-03 3.034933333333333233e-03 4.277511111111111097e-03 5.667199999999999842e-03 2.921599999999999892e-03
1.658719999999999986e-02 3.198311111111111320e-03 2.829511111111111029e-03 3.978399999999999992e-03 5.311377777777777885e-03 2.707822222222222314e-03
1.539013333333333344e-02 2.975377777777777916e-03 2.625866666666666453e-03 3.660177777777777648e-03 4.844622222222222212e-03 2.438133333333333472e-03
1.430586666666666673e-02 2.765333333333333185e-03 2.445600000000000031e-03 3.408000000000000005e-03 4.357333333333333718e-03 2.344355555555555342e-03
