0.000000000000000000e+00 0.000000000000000000e+00 0.000000000000000000e+00 0.000000000000000000e+00 0.000000000000000000e+00 0.000000000000000000e+00
6.571137777777777411e-02 0.000000000000000000e+00 0.000000000000000000e+00 0.000000000000000000e+00 0.000000000000000000e+00 6.571137777777777411e-02
1.228024000000000060e-01 0.000000000000000000e+00 0.000000000000000000e+00 0.000000000000000000e+00 0.000000000000000000e+00 1.228024000000000060e-01
1.634219555555555536e-01 0.000000000000000000e+00 0.000000000000000000e+00 0.000000000000000000e+00 0.000000000000000000e+00 1.634219555555555536e-01
1.898192888888888818e-01 0.000000000000000000e+00 0.000000000000000000e+00 0.000000000000000000e+00 0.000000000000000000e+00 1.898192888888888818e-01
2.013413333333333444e-01 0.000000000000000000e+00 0.000000000000000000e+00 0.000000000000000000e+00 0.000000000000000000e+00 2.013413333333333444e-01
2.041199999999999959e-01 0.000000000000000000e+00 0.000000000000000000e+00 0.000000000000000000e+00 0.000000000000000000e+00 2.041199999999999959e-01
2.022800888888888760e-01 0.000000000000000000e+00 0.000000000000000000e+00 0.000000000000000000e+00 0.000000000000000000e+00 2.022800888888888760e-01
1.978175111111111217e-01 0.000000000000000000e+00 0.000000000000000000e+00 0.000000000000000000e+00 0.000000000000000000e+00 1.978175111111111217e-01
1.918403555555555640e-01 0.000000000000000000e+00 0.000000000000000000e+00 0.000000000000000000e+00 0.000000000000000000e+00 1.918403555555555640e-01
1.849738666666666531e-01 0.000000000000000000e+00 0.000000000000000000e+00 0.000000000000000000e+00 0.000000000000000000e+00 1.849738666666666531e-01
1.776298666666666637e-01 0.000000000000000000e+00 0.000000000000000000e+00 0.000000000000000000e+00 0.000000000000000000e+00 1.776298666666666637e-01
1.700509333333333206e-01 0.000000000000000000e+00 0.000000000000000000e+00 0.000000000000000000e+00 1.645244444444444488e-03 1.696120000000000128e-01
1.624157333333333397e-01 0.000000000000000000e+00 0.000000000000000000e+00 0.000000000000000000e+00 7.907199999999999646e-03 1.602917333333333250e-01
1.548187555555555484e-01 0.000000000000000000e+00 0.000000000000000000e+00 0.000000000000000000e+00 1.573004444444444511e-02 1.498242666666666778e-01
1.473499555555555507e-01 0.000000000000000000e+00 0.000000000000000000e+00 0.000000000000000000e+00 2.291893333333333213e-02 1.368733333333333468e-01
1.400620444444444501e-01 0.000000000000000000e+00 0.000000000000000000e+00 0.000000000000000000e+00 2.835599999999999926e-02 1.228784888888888871e-01
1.329772444444444479e-01 0.000000000000000000e+00 0.000000000000000000e+00 0.000000000000000000e+00 3.234062222222221922e-02 1.107005333333333369e-01
1.261394666666666720e-01 0.000000000000000000e+00 0.000000000000000000e+00 0.000000000000000000e+00 3.518222222222221890e-02 1.000514666666666719e-01
1.195425777777777837e-01 0.000000000000000000e+00 0.000000000000000000e+00 0.000000000000000000e+00 3.711831111111111442e-02 9.066506666666666880e-02
1.132054222222222267e-01 0.000000000000000000e+00 0.000000000000000000e+00 0.000000000000000000e+00 3.833102222222221911e-02 8.236319999999999752e-02
1.071320000000000050e-01 0.000000000000000000e+00 0.000000000000000000e+00 0.000000000000000000e+00 3.896684444444444700e-02 7.498204444444445116e-02
1.013095999999999997e-01 0.000000000000000000e+00 0.000000000000000000e+00 0.000000000000000000e+00 3.914488888888888879e-02 6.838053333333332651e-02
9.575991111111110954e-02 0.000000000000000000e+00 0.000000000000000000e+00 3.733333333333333051e-05 3.894195555555555327e-02 6.248026666666666590e-02
9.046542222222221652e-02 0.000000000000000000e+00 0.000000000000000000e+00 1.191644444444444522e-03 3.815546666666666531e-02 5.717386666666667006e-02
8.541128888888889492e-02 0.000000000000000000e+00 0.000000000000000000e+00 3.136977777777777941e-03 3.676977777777777623e-02 5.238302222222222110e-02
8.061173333333333801e-02 0.000000000000000000e+00 0.000000000000000000e+00 5.102755555555555170e-03 3.441742222222222286e-02 4.806373333333333053e-02
7.603920000000000123e-02 0.000000000000000000e+00 0.000000000000000000e+00 6.689511111111111179e-03 3.161324444444444520e-02 4.413937777777778015e-02
7.170711111111111036e-02 0.000000000000000000e+00 0.000000000000000000e+00 7.940266666666665960e-03 2.906462222222222155e-02 4.058960000000000345e-02
6.758240000000000081e-02 0.000000000000000000e+00 0.000000000000000000e+00 8.904000000000000456e-03 2.674808888888888930e-02 3.734995555555555707e-02
6.367271111111111326e-02 0.000000000000000000e+00 0.000000000000000000e+00 9.630844444444444305e-03 2.463342222222222183e-02 3.439537777777777749e-02
5.997884444444444296e-02 0.000000000000000000e+00 0.000000000000000000e+00 1.015662222222222209e-02 2.270826666666666757e-02 3.171466666666666878e-02
5.646862222222222283e-02 0.000000000000000000e+00 0.000000000000000000e+00 1.051626666666666612e-02 2.094693333333333407e-02 2.924791111111111133e-02
5.314497777777777571e-02 0.000000000000000000e+00 0.000000000000000000e+00 1.073377777777777785e-02 1.933520000000000030e-02 2.699191111111111027e-02
5.001342222222222161e-02 0.000000000000000000e+00 0.000000000000000000e+00 1.083600000000000015e-02 1.785706666666666761e-02 2.493733333333333219e-02
4.704097777777777739e-02 0.000000000000000000e+00 1.580444444444444431e-04 1.079288888888888832e-02 1.650115555555555641e-02 2.304177777777777908e-02
4.423119999999999830e-02 0.000000000000000000e+00 6.920888888888889184e-04 1.053955555555555548e-02 1.525199999999999993e-02 2.129991111111111113e-02
4.157688888888888545e-02 0.000000000000000000e+00 1.297511111111111087e-03 9.967822222222222708e-03 1.410791111111111065e-02 1.969884444444444313e-02
3.907324444444444655e-02 0.000000000000000000e+00 1.803288888888888823e-03 9.224622222222221557e-03 1.305608888888888826e-02 1.822560000000000152e-02
3.670720000000000233e-02 0.000000000000000000e+00 2.210755555555555564e-03 8.539288888888888623e-03 1.208524444444444498e-02 1.686497777777777943e-02
3.448897777777777673e-02 0.000000000000000000e+00 2.535288888888888835e-03 7.906399999999999192e-03 1.119057777777777811e-02 1.562897777777777844e-02
3.238577777777777722e-02 0.000000000000000000e+00 2.788000000000000114e-03 7.324800000000000234e-03 1.036355555555555641e-02 1.447626666666666610e-02
3.040293333333333320e-02 0.000000000000000000e+00 2.979377777777777580e-03 6.786133333333332907e-03 9.604711111111111782e-03 1.341137777777777831e-02
2.853324444444444580e-02 0.000000000000000000e+00 3.118133333333333521e-03 6.290311111111111450e-03 8.900444444444445199e-03 1.242906666666666708e-02
2.677360000000000156e-02 0.000000000000000000e+00 3.212800000000000031e-03 5.831022222222222336e-03 8.253599999999999826e-03 1.151928888888888863e-02
2.511733333333333179e-02 0.000000000000000000e+00 3.270311111111110901e-03 5.407111111111110799e-03 7.652266666666666765e-03 1.067946666666666662e-02
2.355511111111111000e-02 6.844444444444444041e-06 3.291911111111110993e-03 5.015911111111111265e-03 7.097333333333333098e-03 9.904711111111111702e-03
2.208888888888889054e-02 1.433777777777777904e-04 3.245599999999999961e-03 4.652711111111111110e-03 6.584177777777778032e-03 9.188266666666666804e-03
2.070764444444444380e-02 3.390222222222221988e-04 3.098311111111111057e-03 4.316266666666666342e-03 6.110844444444444613e-03 8.519288888888889438e-03
1.942275555555555630e-02 5.089777777777778137e-04 2.875111111111111270e-03 4.005866666666666603e-03 5.668355555555555474e-03 7.920711111111110314e-03
1.820408888888888979e-02 6.488888888888888441e-04 2.668977777777777841e-03 3.719022222222222174e-03 5.264800000000000035e-03 7.351733333333333210e-03
1.705635555555555516e-02 7.615999999999999723e-04 2.477599999999999941e-03 3.453333333333333428e-03 4.882933333333333049e-03 6.821333333333333762e-03
1.598204444444444386e-02 8.535111111111111371e-04 2.300888888888888775e-03 3.204622222222222247e-03 4.535822222222222512e-03 6.334133333333333629e-03
1.497271111111111129e-02 9.250666666666666369e-04 2.136088888888888673e-03 2.975555555555555506e-03 4.210666666666666377e-03 5.880355555555555856e-03
1.402586666666666600e-02 9.804444444444443754e-04 1.983377777777777656e-03 2.764266666666666782e-03 3.909244444444444876e-03 5.462400000000000068e-03
1.314026666666666746e-02 1.024088888888888965e-03 1.842755555555555510e-03 2.567555555555555563e-03 3.632266666666666630e-03 5.072533333333333755e-03
1.230773333333333268e-02 1.055733333333333263e-03 1.711377777777777767e-03 2.385599999999999873e-03 3.375911111111111300e-03 4.710044444444444825e-03
1.153617777777777784e-02 1.083288888888888886e-03 1.590400000000000060e-03 2.215555555555555681e-03 3.132444444444444642e-03 4.373511111111110829e-03
1.081066666666666634e-02 1.101066666666666687e-03 1.476977777777777707e-03 2.057600000000000141e-03 2.913955555555555743e-03 4.064622222222221901e-03
1.014088888888888852e-02 1.120888888888888933e-03 1.372088888888888967e-03 1.911822222222222265e-03 2.707288888888888679e-03 3.775377777777777846e-03
9.525955555555555565e-03 1.145066666666666672e-03 1.275111111111111193e-03 1.777244444444444444e-03 2.515644444444444395e-03 3.507555555555555427e-03
8.952977777777777063e-03 1.165777777777777732e-03 1.185066666666666560e-03 1.651200000000000020e-03 2.337600000000000008e-03 3.256000000000000213e-03
8.410933333333333803e-03 1.176355555555555574e-03 1.101066666666666687e-03 1.534133333333333399e-03 2.170488888888889075e-03 3.027466666666666674e-03
7.898311111111111504e-03 1.173955555555555516e-03 1.023022222222222128e-03 1.425688888888888969e-03 2.019377777777777664e-03 2.810488888888889019e-03
7.347822222222221908e-03 1.099911111111111055e-03 9.512888888888889304e-04 1.324711111111111098e-03 1.874577777777777831e-03 2.606755555555555649e-03
6.828800000000000321e-03 1.022488888888888926e-03 8.849777777777777374e-04 1.232355555555555635e-03 1.743644444444444495e-03 2.420799999999999862e-03
6.345866666666666669e-03 9.505777777777778140e-04 8.216000000000000213e-04 1.145777777777777680e-03 1.619644444444444517e-03 2.255111111111110945e-03
5.895288888888888974e-03 8.834666666666667100e-04 7.632888888888889143e-04 1.065155555555555474e-03 1.505155555555555543e-03 2.093866666666666532e-03
5.480711111111110853e-03 8.215111111111111182e-04 7.105777777777777266e-04 9.888888888888889769e-04 1.400800000000000005e-03 1.940355555555555497e-03
5.093066666666666575e-03 7.638222222222222245e-04 6.599111111111110933e-04 9.210666666666666481e-04 1.301955555555555592e-03 1.807733333333333327e-03
4.734222222222222130e-03 7.100444444444444165e-04 6.133333333333333519e-04 8.559999999999999901e-04 1.209955555555555524e-03 1.675466666666666771e-03
4.398488888888888587e-03 6.600888888888888995e-04 5.708444444444443940e-04 7.952888888888889332e-04 1.124888888888888813e-03 1.554666666666666653e-03
4.087200000000000034e-03 6.139555555555555651e-04 5.309333333333333006e-04 7.391999999999999699e-04 1.048355555555555499e-03 1.445955555555555622e-03
3.798133333333333136e-03 5.708444444444443940e-04 4.932444444444444593e-04 6.872000000000000070e-04 9.765333333333332897e-04 1.343377777777777712e-03
3.528799999999999906e-03 5.302222222222221842e-04 4.585777777777777812e-04 6.385777777777778197e-04 9.033777777777777509e-04 1.248266666666666578e-03
3.279199999999999910e-03 4.929777777777777500e-04 4.268444444444444174e-04 5.946666666666666290e-04 8.417777777777777715e-04 1.157688888888888960e-03
3.045155555555555463e-03 4.587555555555555332e-04 3.963555555555555343e-04 5.526222222222221866e-04 7.801777777777777921e-04 1.070222222222222191e-03
2.828266666666666602e-03 4.265777777777777623e-04 3.689777777777777717e-04 5.139555555555555197e-04 7.255999999999999646e-04 9.879111111111111513e-04
2.625866666666666453e-03 3.966222222222222436e-04 3.425777777777777805e-04 4.790222222222222407e-04 6.780444444444443976e-04 9.179555555555555819e-04
2.438933333333333491e-03 3.688888888888888686e-04 3.187555555555555455e-04 4.441777777777777565e-04 6.283555555555555899e-04 8.558222222222221839e-04
2.264888888888888768e-03 3.431999999999999938e-04 2.967111111111111013e-04 4.131555555555555632e-04 5.849777777777778178e-04 7.864888888888889361e-04
2.103466666666666766e-03 3.188444444444444486e-04 2.764444444444444479e-04 3.837333333333333546e-04 5.450666666666666160e-04 7.321777777777778180e-04
1.952799999999999979e-03 2.961777777777777911e-04 2.564444444444444497e-04 3.566222222222222471e-04 5.016000000000000493e-04 6.793777777777777272e-04
1.814222222222222278e-03 2.760888888888888898e-04 2.381333333333333392e-04 3.328000000000000120e-04 4.707555555555555538e-04 6.181333333333333601e-04
1.682666666666666729e-03 2.562666666666666435e-04 2.217777777777777716e-04 3.095999999999999902e-04 4.394666666666666513e-04 5.811555555555555268e-04
1.559111111111111158e-03 2.381333333333333392e-04 2.064000000000000025e-04 2.883555555555555655e-04 4.009777777777777906e-04 5.343111111111110761e-04
1.443288888888888963e-03 2.217777777777777716e-04 1.915555555555555436e-04 2.683555555555555672e-04 3.803555555555555791e-04 4.875555555555555285e-04
1.333688888888888901e-03 2.058666666666666653e-04 1.784888888888888755e-04 2.495111111111110924e-04 3.537777777777777817e-04 4.512000000000000169e-04
1.234044444444444468e-03 1.918222222222222258e-04 1.660444444444444478e-04 2.297777777777777763e-04 3.238222222222222088e-04 4.007111111111111355e-04
1.140533333333333373e-03 1.783999999999999996e-04 1.544000000000000125e-04 2.136888888888888909e-04 2.935999999999999808e-04 3.767111111111110943e-04
