1.661261111111111133e-01 4.892333333333333603e-03 1.046933333333333396e-02 4.057344444444444670e-02 1.335376666666666656e-01 1.116161111111111104e-01
1.668453333333333455e-01 5.071444444444444394e-03 1.060977777777777700e-02 4.073566666666667002e-02 1.336313333333333242e-01 1.115332222222222280e-01
1.676062222222222120e-01 5.270555555555555237e-03 1.075855555555555593e-02 4.090855555555555217e-02 1.337312222222222236e-01 1.114483333333333298e-01
1.683991111111111105e-01 5.480666666666666673e-03 1.091400000000000009e-02 4.108955555555555278e-02 1.338411111111111051e-01 1.113655555555555510e-01
1.692264444444444571e-01 5.711444444444444338e-03 1.107677777777777740e-02 4.127433333333333648e-02 1.339462222222222165e-01 1.112805555555555492e-01
1.700912222222222270e-01 5.954333333333333179e-03 1.125055555555555531e-02 4.146888888888888847e-02 1.340590000000000115e-01 1.111964444444444450e-01
1.709812222222222289e-01 6.201666666666666959e-03 1.143211111111111164e-02 4.167344444444444351e-02 1.341786666666666683e-01 1.111091111111111168e-01
1.719281111111111149e-01 6.485222222222222083e-03 1.162499999999999992e-02 4.188655555555555882e-02 1.342934444444444375e-01 1.110231111111111141e-01
1.728422222222222304e-01 6.711777777777777447e-03 1.182633333333333280e-02 4.210466666666666524e-02 1.344181111111110993e-01 1.109352222222222267e-01
1.737243333333333417e-01 6.884999999999999627e-03 1.204088888888888917e-02 4.233588888888888818e-02 1.345397777777777859e-01 1.108478888888888847e-01
1.745885555555555524e-01 7.010111111111111057e-03 1.226600000000000086e-02 4.257477777777778083e-02 1.346787777777777861e-01 1.107569999999999943e-01
1.754826666666666757e-01 7.137777777777777610e-03 1.250488888888888830e-02 4.282655555555555521e-02 1.348146666666666660e-01 1.106665555555555597e-01
1.764017777777777685e-01 7.265999999999999889e-03 1.275455555555555544e-02 4.308566666666666795e-02 1.349557777777777856e-01 1.105774444444444504e-01
1.773367777777777876e-01 7.375333333333333567e-03 1.301933333333333415e-02 4.335888888888889126e-02 1.351060000000000039e-01 1.104836666666666606e-01
1.783097777777777893e-01 7.500444444444444130e-03 1.329722222222222243e-02 4.364311111111111169e-02 1.352493333333333325e-01 1.103930000000000050e-01
1.793266666666666620e-01 7.630222222222222267e-03 1.358999999999999965e-02 4.393788888888888744e-02 1.354130000000000056e-01 1.102982222222222281e-01
1.803384444444444401e-01 7.724333333333333051e-03 1.390100000000000016e-02 4.424844444444444441e-02 1.355796666666666539e-01 1.102054444444444392e-01
1.813642222222222322e-01 7.795111111111111164e-03 1.422766666666666624e-02 4.457077777777777861e-02 1.357453333333333290e-01 1.101115555555555597e-01
1.824563333333333315e-01 7.897777777777777869e-03 1.457088888888888843e-02 4.490733333333333382e-02 1.359215555555555455e-01 1.100140000000000007e-01
1.835523333333333451e-01 7.968222222222222026e-03 1.493200000000000083e-02 4.525844444444444142e-02 1.360962222222222295e-01 1.099191111111111063e-01
1.847133333333333405e-01 8.059888888888889005e-03 1.531322222222222286e-02 4.562100000000000183e-02 1.362914444444444373e-01 1.098224444444444448e-01
1.859063333333333401e-01 8.147444444444445003e-03 1.571477777777777890e-02 4.600411111111111367e-02 1.364844444444444360e-01 1.097243333333333265e-01
1.871460000000000068e-01 8.228888888888889752e-03 1.613955555555555629e-02 4.640444444444444261e-02 1.366866666666666785e-01 1.096271111111111057e-01
1.884273333333333356e-01 8.315555555555555201e-03 1.658766666666666723e-02 4.681788888888888805e-02 1.368949999999999889e-01 1.095283333333333387e-01
1.897528888888888876e-01 8.383555555555555552e-03 1.705600000000000172e-02 4.725066666666666998e-02 1.371151111111111043e-01 1.094288888888888950e-01
1.911113333333333275e-01 8.453111111111110895e-03 1.755222222222222253e-02 4.770144444444444215e-02 1.373348888888888952e-01 1.093283333333333329e-01
1.925124444444444582e-01 8.506666666666665849e-03 1.807277777777777789e-02 4.817277777777777964e-02 1.375649999999999928e-01 1.092268888888888873e-01
1.939637777777777905e-01 8.550333333333333397e-03 1.861933333333333496e-02 4.866377777777777802e-02 1.378125555555555493e-01 1.091271111111111053e-01
1.954434444444444474e-01 8.574999999999999289e-03 1.919977777777777742e-02 4.917155555555555863e-02 1.380624444444444321e-01 1.090249999999999969e-01
1.969806666666666650e-01 8.592000000000000678e-03 1.980511111111111014e-02 4.970855555555555444e-02 1.383174444444444373e-01 1.089240000000000069e-01
1.985492222222222103e-01 8.579777777777778183e-03 2.044933333333333325e-02 5.026266666666666383e-02 1.385857777777777800e-01 1.088198888888888827e-01
2.001686666666666614e-01 8.549333333333334131e-03 2.112111111111111134e-02 5.084188888888888785e-02 1.388643333333333396e-01 1.087171111111111116e-01
2.018281111111111248e-01 8.499111111111111797e-03 2.182988888888888826e-02 5.144366666666666532e-02 1.391517777777777909e-01 1.086132222222222221e-01
2.035318888888889011e-01 8.417777777777777498e-03 2.257699999999999985e-02 5.207433333333333358e-02 1.394488888888889000e-01 1.085085555555555525e-01
2.052813333333333434e-01 8.308222222222222050e-03 2.336077777777777892e-02 5.272966666666666774e-02 1.397557777777777843e-01 1.084040000000000004e-01
2.070748888888888917e-01 8.166111111111111834e-03 2.418733333333333499e-02 5.341166666666666979e-02 1.400750000000000051e-01 1.082973333333333288e-01
2.089173333333333438e-01 7.988111111111110760e-03 2.505755555555555514e-02 5.412555555555555870e-02 1.404081111111111224e-01 1.081917777777777756e-01
2.108078888888888780e-01 7.776666666666666970e-03 2.597233333333333338e-02 5.486900000000000110e-02 1.407450000000000090e-01 1.080842222222222204e-01
2.127428888888888980e-01 7.521888888888888722e-03 2.693466666666666579e-02 5.564299999999999802e-02 1.411011111111111216e-01 1.079783333333333289e-01
2.147281111111111196e-01 7.224666666666666563e-03 2.794544444444444289e-02 5.644766666666666682e-02 1.414696666666666602e-01 1.078712222222222156e-01
2.167593333333333316e-01 6.876555555555555893e-03 2.901066666666666724e-02 5.728455555555555384e-02 1.418518888888888885e-01 1.077653333333333380e-01
2.188380000000000047e-01 6.476555555555555711e-03 3.013077777777777716e-02 5.815922222222222326e-02 1.422453333333333347e-01 1.076555555555555599e-01
2.209667777777777897e-01 6.019666666666667089e-03 3.130955555555555575e-02 5.906711111111111190e-02 1.426521111111111184e-01 1.075501111111111102e-01
2.231468888888888946e-01 5.503222222222221849e-03 3.254699999999999954e-02 6.001388888888888745e-02 1.430724444444444465e-01 1.074418888888888923e-01
2.253762222222222278e-01 4.923111111111110744e-03 3.384888888888888669e-02 6.099944444444444641e-02 1.435127777777777669e-01 1.073327777777777770e-01
2.276625555555555624e-01 4.276000000000000287e-03 3.522122222222222321e-02 6.202588888888888735e-02 1.439594444444444454e-01 1.072241111111111173e-01
2.299977777777777732e-01 3.551777777777777832e-03 3.644677777777777933e-02 6.309444444444443911e-02 1.444326666666666537e-01 1.071146666666666636e-01
2.323803333333333276e-01 2.771666666666666636e-03 3.749266666666666720e-02 6.420388888888889367e-02 1.449161111111111067e-01 1.070061111111111074e-01
2.348213333333333264e-01 1.981111111111111007e-03 3.846811111111111264e-02 6.536300000000000443e-02 1.454177777777777847e-01 1.068978888888888895e-01
2.373145555555555564e-01 1.230555555555555482e-03 3.938177777777777944e-02 6.656422222222221907e-02 1.459350000000000092e-01 1.067882222222222288e-01
2.398618888888889022e-01 5.813333333333333330e-04 4.022622222222221877e-02 6.781911111111110779e-02 1.464759999999999951e-01 1.066785555555555542e-01
2.424630000000000118e-01 1.154444444444444512e-04 4.099966666666666343e-02 6.912177777777778198e-02 1.470262222222222248e-01 1.065692222222222180e-01
2.451190000000000035e-01 0.000000000000000000e+00 4.168066666666666448e-02 7.047222222222222776e-02 1.476031111111111016e-01 1.064599999999999991e-01
2.478314444444444375e-01 0.000000000000000000e+00 4.228833333333333055e-02 7.188344444444444425e-02 1.481983333333333208e-01 1.063497777777777792e-01
2.506007777777777834e-01 0.000000000000000000e+00 4.287811111111110990e-02 7.334988888888889502e-02 1.488089999999999968e-01 1.062421111111111066e-01
2.534244444444444522e-01 0.000000000000000000e+00 4.344811111111111096e-02 7.487111111111111050e-02 1.494481111111111149e-01 1.061328888888888877e-01
2.563046666666666806e-01 0.000000000000000000e+00 4.399255555555555558e-02 7.645844444444443999e-02 1.500990000000000102e-01 1.060218888888888877e-01
2.592443333333333544e-01 0.000000000000000000e+00 4.451511111111110947e-02 7.810022222222222366e-02 1.507823333333333238e-01 1.059145555555555535e-01
2.622447777777777711e-01 0.000000000000000000e+00 4.500888888888888995e-02 7.981777777777777916e-02 1.514846666666666564e-01 1.058049999999999963e-01
2.652938888888888846e-01 0.000000000000000000e+00 4.547044444444444528e-02 8.159844444444444567e-02 1.522046666666666548e-01 1.056952222222222182e-01
2.684098888888888923e-01 0.000000000000000000e+00 4.589988888888888591e-02 8.344866666666667099e-02 1.529602222222222196e-01 1.055871111111111177e-01
2.715819999999999901e-01 0.000000000000000000e+00 4.629333333333333217e-02 8.537022222222222234e-02 1.537288888888888871e-01 1.054786666666666650e-01
2.748132222222222087e-01 0.000000000000000000e+00 4.664766666666666367e-02 8.736800000000000122e-02 1.545366666666666555e-01 1.053701111111111088e-01
2.781047777777777563e-01 0.000000000000000000e+00 4.695933333333333209e-02 8.944755555555555793e-02 1.553615555555555583e-01 1.052623333333333328e-01
2.814577777777777512e-01 0.000000000000000000e+00 4.723077777777778125e-02 9.160377777777778396e-02 1.562124444444444316e-01 1.051552222222222194e-01
2.848707777777777506e-01 0.000000000000000000e+00 4.744577777777778116e-02 9.384855555555556006e-02 1.570989999999999887e-01 1.050504444444444463e-01
2.883433333333333404e-01 0.000000000000000000e+00 4.761100000000000054e-02 9.617577777777777670e-02 1.580060000000000076e-01 1.049438888888888921e-01
2.918753333333333200e-01 0.000000000000000000e+00 4.771877777777777663e-02 9.859644444444444489e-02 1.589501111111110976e-01 1.048367777777777787e-01
2.954787777777777569e-01 0.000000000000000000e+00 4.777288888888888557e-02 1.011103333333333298e-01 1.599201111111111240e-01 1.047330000000000066e-01
2.991304444444444210e-01 0.000000000000000000e+00 4.775288888888888639e-02 1.037231111111111131e-01 1.609196666666666553e-01 1.046263333333333351e-01
3.028536666666666877e-01 0.000000000000000000e+00 4.767355555555555235e-02 1.064328888888888824e-01 1.619597777777777858e-01 1.045227777777777839e-01
3.066363333333333441e-01 0.000000000000000000e+00 4.751322222222222058e-02 1.092489999999999989e-01 1.630245555555555614e-01 1.044208888888888825e-01
3.104810000000000070e-01 0.000000000000000000e+00 4.728288888888888819e-02 1.121759999999999979e-01 1.641219999999999901e-01 1.043167777777777722e-01
3.143881111111110904e-01 0.000000000000000000e+00 4.696744444444444361e-02 1.152132222222222169e-01 1.652648888888888778e-01 1.042146666666666638e-01
3.183630000000000071e-01 0.000000000000000000e+00 4.656933333333333064e-02 1.183608888888888905e-01 1.664336666666666742e-01 1.041147777777777783e-01
3.223967777777777544e-01 0.000000000000000000e+00 4.607444444444444565e-02 1.216382222222222170e-01 1.676393333333333346e-01 1.040129999999999943e-01
3.264884444444444700e-01 0.000000000000000000e+00 4.548144444444444240e-02 1.250332222222222123e-01 1.688800000000000023e-01 1.039151111111111109e-01
3.306501111111110891e-01 0.000000000000000000e+00 4.478366666666666607e-02 1.285679999999999878e-01 1.701744444444444337e-01 1.038168888888888891e-01
3.348772222222222150e-01 0.000000000000000000e+00 4.398333333333333262e-02 1.322311111111111048e-01 1.714970000000000105e-01 1.037184444444444464e-01
3.391618888888888739e-01 0.000000000000000000e+00 4.306788888888889166e-02 1.360337777777777812e-01 1.728556666666666575e-01 1.036221111111111093e-01
3.435199999999999920e-01 0.000000000000000000e+00 4.203177777777777901e-02 1.399842222222222321e-01 1.742697777777777735e-01 1.035275555555555532e-01
3.479294444444444578e-01 0.000000000000000000e+00 4.086111111111111194e-02 1.440847777777777838e-01 1.757172222222222191e-01 1.034328888888888937e-01
3.524100000000000010e-01 0.000000000000000000e+00 3.955877777777777604e-02 1.483414444444444424e-01 1.772125555555555676e-01 1.033403333333333396e-01
3.569581111111110872e-01 0.000000000000000000e+00 3.812644444444444197e-02 1.527533333333333243e-01 1.787467777777777822e-01 1.032471111111111089e-01
3.615703333333333269e-01 0.000000000000000000e+00 3.653911111111111248e-02 1.573441111111111013e-01 1.803420000000000023e-01 1.031568888888888952e-01
3.662360000000000060e-01 0.000000000000000000e+00 3.478355555555555367e-02 1.621007777777777881e-01 1.819667777777777828e-01 1.030674444444444476e-01
3.709737777777777912e-01 0.000000000000000000e+00 3.287877777777777760e-02 1.670383333333333442e-01 1.836467777777777699e-01 1.029806666666666648e-01
3.757800000000000029e-01 0.000000000000000000e+00 3.080877777777777868e-02 1.721656666666666613e-01 1.853727777777777752e-01 1.028944444444444412e-01
3.806365555555555336e-01 0.000000000000000000e+00 2.854233333333333275e-02 1.774838888888888855e-01 1.871639999999999970e-01 1.028102222222222195e-01
3.855654444444444606e-01 0.000000000000000000e+00 2.609811111111111012e-02 1.830077777777777692e-01 1.889966666666666739e-01 1.027253333333333352e-01
3.905648888888889059e-01 0.000000000000000000e+00 2.345177777777777625e-02 1.887354444444444557e-01 1.908787777777777861e-01 1.026441111111111165e-01
3.956134444444444620e-01 0.000000000000000000e+00 2.059488888888888827e-02 1.946885555555555591e-01 1.928171111111111058e-01 1.025644444444444442e-01
4.007342222222222139e-01 0.000000000000000000e+00 1.752877777777777854e-02 2.006541111111111164e-01 1.948141111111111046e-01 1.024857777777777729e-01
4.059207777777777970e-01 0.000000000000000000e+00 1.425966666666666702e-02 2.055878888888888756e-01 1.968630000000000102e-01 1.024091111111111174e-01
4.111581111111111131e-01 0.000000000000000000e+00 1.094266666666666651e-02 2.101079999999999892e-01 1.989846666666666708e-01 1.023341111111111118e-01
4.164691111111111232e-01 0.000000000000000000e+00 7.723999999999999963e-03 2.143978888888888878e-01 2.011562222222222085e-01 1.022613333333333291e-01
4.218487777777777947e-01 0.000000000000000000e+00 4.762444444444444147e-03 2.184673333333333467e-01 2.033883333333333376e-01 1.021902222222222240e-01
4.272663333333333591e-01 0.000000000000000000e+00 2.248777777777777927e-03 2.223147777777777778e-01 2.056808888888888853e-01 1.021203333333333269e-01
4.327721111111111352e-01 0.000000000000000000e+00 6.115555555555555068e-04 2.259546666666666648e-01 2.080388888888888843e-01 1.020533333333333292e-01
4.383266666666666422e-01 0.000000000000000000e+00 4.311111111111111020e-05 2.293147777777777840e-01 2.104638888888888948e-01 1.019893333333333346e-01
