3.864399999999999780e-02 9.632222222222221924e-04 1.216222222222222270e-03 3.082444444444444511e-03 1.323588888888888905e-02 3.069477777777777916e-02
3.894188888888888700e-02 1.019111111111111042e-03 1.264333333333333238e-03 3.146222222222222129e-03 1.330966666666666583e-02 3.073844444444444324e-02
3.924566666666666481e-02 1.074555555555555594e-03 1.314333333333333369e-03 3.211555555555555604e-03 1.339022222222222176e-02 3.079688888888888754e-02
3.957111111111111246e-02 1.140444444444444361e-03 1.367777777777777872e-03 3.280555555555555655e-03 1.346955555555555580e-02 3.084633333333333324e-02
3.990555555555555522e-02 1.206555555555555550e-03 1.424111111111111020e-03 3.351999999999999945e-03 1.355355555555555480e-02 3.089411111111111177e-02
4.026411111111111163e-02 1.288111111111111184e-03 1.483555555555555452e-03 3.425555555555555385e-03 1.363933333333333317e-02 3.094988888888888789e-02
4.063655555555555771e-02 1.376444444444444460e-03 1.546333333333333370e-03 3.504666666666666781e-03 1.372688888888888917e-02 3.100488888888888739e-02
4.103600000000000303e-02 1.479000000000000063e-03 1.611222222222222222e-03 3.586222222222222415e-03 1.381966666666666586e-02 3.105655555555555600e-02
4.142822222222222045e-02 1.565222222222222188e-03 1.681444444444444393e-03 3.669888888888888766e-03 1.391422222222222192e-02 3.110600000000000170e-02
4.183400000000000313e-02 1.653666666666666566e-03 1.753666666666666612e-03 3.757555555555555649e-03 1.400733333333333344e-02 3.117233333333333314e-02
4.225355555555555809e-02 1.746666666666666767e-03 1.831444444444444352e-03 3.849444444444444398e-03 1.410999999999999928e-02 3.122788888888888836e-02
4.270744444444444371e-02 1.857666666666666754e-03 1.912888888888888885e-03 3.944888888888889271e-03 1.421488888888888975e-02 3.128166666666666595e-02
4.316144444444444672e-02 1.962333333333333291e-03 1.997444444444444484e-03 4.043888888888888533e-03 1.431766666666666604e-02 3.134755555555555212e-02
4.364755555555555749e-02 2.081555555555555676e-03 2.088555555555555738e-03 4.146333333333333468e-03 1.442944444444444439e-02 3.140877777777777852e-02
4.414499999999999674e-02 2.202444444444444371e-03 2.181777777777777708e-03 4.255666666666666278e-03 1.454000000000000084e-02 3.146466666666666856e-02
4.459833333333333011e-02 2.268888888888888865e-03 2.281777777777777971e-03 4.367333333333333310e-03 1.465755555555555562e-02 3.153044444444444427e-02
4.501966666666666617e-02 2.284222222222222209e-03 2.388333333333333454e-03 4.483777777777777501e-03 1.477855555555555520e-02 3.159577777777777818e-02
4.552744444444444677e-02 2.374444444444444649e-03 2.497000000000000088e-03 4.605444444444444126e-03 1.489855555555555551e-02 3.165588888888888619e-02
4.599611111111111261e-02 2.408777777777777913e-03 2.615555555555555429e-03 4.732111111111111414e-03 1.502944444444444423e-02 3.172366666666666390e-02
4.645944444444444210e-02 2.425444444444444479e-03 2.737666666666666460e-03 4.863222222222221905e-03 1.515700000000000033e-02 3.179255555555555307e-02
4.696888888888888641e-02 2.465555555555555469e-03 2.866111111111110943e-03 4.999666666666667016e-03 1.529411111111111075e-02 3.185855555555555663e-02
4.748011111111111182e-02 2.490444444444444433e-03 3.004999999999999859e-03 5.142333333333332958e-03 1.543422222222222244e-02 3.193066666666666970e-02
4.803155555555555650e-02 2.544666666666666865e-03 3.146555555555555651e-03 5.291333333333333652e-03 1.557500000000000030e-02 3.200299999999999673e-02
4.859166666666666495e-02 2.582555555555555386e-03 3.300222222222222185e-03 5.444666666666667099e-03 1.572344444444444614e-02 3.206933333333333164e-02
4.915777777777777940e-02 2.610444444444444314e-03 3.455777777777777667e-03 5.605333333333333695e-03 1.587222222222222159e-02 3.214866666666666567e-02
4.975066666666666526e-02 2.641222222222222322e-03 3.625999999999999883e-03 5.771555555555555814e-03 1.603011111111110956e-02 3.222344444444444345e-02
5.035799999999999998e-02 2.673000000000000029e-03 3.800666666666666603e-03 5.945333333333333720e-03 1.618877777777777763e-02 3.229255555555555351e-02
5.099522222222221957e-02 2.709555555555555762e-03 3.985444444444444234e-03 6.125111111111110687e-03 1.635355555555555521e-02 3.237511111111111145e-02
5.163466666666666899e-02 2.724555555555555585e-03 4.183444444444444493e-03 6.310888888888889318e-03 1.652744444444444530e-02 3.245033333333333103e-02
5.231133333333333468e-02 2.756777777777777699e-03 4.384666666666666920e-03 6.507555555555555489e-03 1.669933333333333339e-02 3.252399999999999736e-02
5.300844444444444137e-02 2.772555555555555450e-03 4.607777777777777480e-03 6.710666666666666863e-03 1.688211111111111162e-02 3.261644444444444790e-02
5.371022222222222170e-02 2.781666666666666662e-03 4.830888888888888906e-03 6.920333333333333024e-03 1.706211111111111123e-02 3.269477777777778094e-02
5.444888888888888695e-02 2.790222222222222149e-03 5.076111111111111102e-03 7.138000000000000247e-03 1.725611111111111096e-02 3.278222222222221954e-02
5.518733333333333130e-02 2.782444444444444592e-03 5.324222222222222377e-03 7.364111111111111205e-03 1.745055555555555596e-02 3.286733333333333174e-02
5.596311111111110931e-02 2.773333333333333380e-03 5.595000000000000147e-03 7.600111111111111303e-03 1.765233333333333238e-02 3.294777777777777722e-02
5.674411111111111322e-02 2.747444444444444283e-03 5.871111111111110802e-03 7.847111111111110260e-03 1.785766666666666752e-02 3.304244444444444373e-02
5.756177777777778115e-02 2.717888888888889045e-03 6.168666666666666916e-03 8.101777777777777190e-03 1.807177777777777689e-02 3.312933333333333008e-02
5.838511111111110985e-02 2.669777777777777861e-03 6.475555555555555579e-03 8.367666666666667349e-03 1.829066666666666688e-02 3.322522222222222543e-02
5.923933333333333134e-02 2.613888888888888686e-03 6.801555555555555480e-03 8.642888888888889190e-03 1.851777777777777884e-02 3.331833333333333175e-02
6.011600000000000277e-02 2.540888888888888971e-03 7.148111111111111159e-03 8.932333333333333791e-03 1.874455555555555597e-02 3.341211111111110771e-02
6.100011111111110912e-02 2.449444444444444629e-03 7.505555555555555244e-03 9.226333333333332914e-03 1.898488888888888795e-02 3.351344444444444293e-02
6.191855555555555307e-02 2.343444444444444438e-03 7.890555555555555170e-03 9.537000000000000338e-03 1.922811111111111249e-02 3.360377777777778102e-02
6.285188888888888770e-02 2.220777777777777681e-03 8.285222222222221600e-03 9.859777777777778071e-03 1.948099999999999832e-02 3.371155555555555711e-02
6.381255555555555292e-02 2.072111111111110942e-03 8.714333333333332612e-03 1.019199999999999967e-02 1.973844444444444388e-02 3.380600000000000271e-02
6.478766666666666008e-02 1.903777777777777673e-03 9.153444444444444952e-03 1.054255555555555501e-02 2.000466666666666712e-02 3.391444444444444151e-02
6.579388888888888787e-02 1.716666666666666688e-03 9.623222222222222247e-03 1.090077777777777833e-02 2.027488888888888743e-02 3.401544444444444537e-02
6.680966666666666998e-02 1.500555555555555540e-03 1.010677777777777703e-02 1.127288888888888958e-02 2.055566666666666653e-02 3.412611111111111400e-02
6.785944444444444446e-02 1.260000000000000052e-03 1.062277777777777786e-02 1.166299999999999976e-02 2.084377777777777704e-02 3.423255555555555774e-02
6.892922222222222506e-02 9.878888888888888442e-04 1.116699999999999984e-02 1.207055555555555486e-02 2.113933333333333289e-02 3.434666666666666424e-02
7.001877777777777700e-02 6.885555555555555353e-04 1.173388888888888919e-02 1.248866666666666701e-02 2.144166666666666790e-02 3.445833333333333387e-02
7.113488888888888639e-02 3.591111111111111001e-04 1.233133333333333304e-02 1.292355555555555618e-02 2.175333333333333286e-02 3.457388888888889011e-02
7.227755555555555322e-02 6.422222222222222774e-05 1.276611111111111176e-02 1.337888888888888808e-02 2.207299999999999887e-02 3.468777777777777571e-02
7.343677777777778137e-02 0.000000000000000000e+00 1.308411111111111060e-02 1.384466666666666658e-02 2.240477777777777693e-02 3.480744444444444641e-02
7.461977777777777099e-02 0.000000000000000000e+00 1.333799999999999916e-02 1.433622222222222242e-02 2.273933333333333362e-02 3.492644444444444746e-02
7.582988888888889112e-02 0.000000000000000000e+00 1.358644444444444439e-02 1.484477777777777792e-02 2.308233333333333318e-02 3.505044444444444657e-02
7.705488888888889498e-02 0.000000000000000000e+00 1.382533333333333357e-02 1.536744444444444399e-02 2.344255555555555676e-02 3.517344444444444468e-02
7.831722222222221863e-02 0.000000000000000000e+00 1.406288888888888866e-02 1.591977777777777922e-02 2.380433333333333359e-02 3.530222222222222095e-02
7.959377777777777718e-02 0.000000000000000000e+00 1.429222222222222179e-02 1.648499999999999965e-02 2.418222222222222301e-02 3.542655555555555835e-02
8.089899999999999869e-02 0.000000000000000000e+00 1.450722222222222170e-02 1.707944444444444571e-02 2.456500000000000003e-02 3.556022222222222223e-02
8.222822222222221644e-02 0.000000000000000000e+00 1.471444444444444492e-02 1.769233333333333422e-02 2.495599999999999902e-02 3.568811111111110795e-02
8.358188888888888612e-02 0.000000000000000000e+00 1.491277777777777827e-02 1.832699999999999954e-02 2.536555555555555438e-02 3.582933333333333109e-02
8.495822222222222664e-02 0.000000000000000000e+00 1.509300000000000051e-02 1.898722222222222131e-02 2.577844444444444411e-02 3.595944444444444665e-02
8.636666666666666103e-02 0.000000000000000000e+00 1.526977777777777795e-02 1.967533333333333287e-02 2.620977777777777629e-02 3.610522222222221911e-02
8.778855555555555024e-02 0.000000000000000000e+00 1.541988888888888923e-02 2.038833333333333470e-02 2.664255555555555474e-02 3.624355555555555664e-02
8.924244444444444369e-02 0.000000000000000000e+00 1.556033333333333400e-02 2.113033333333333430e-02 2.709033333333333432e-02 3.638844444444444548e-02
9.072311111111111548e-02 0.000000000000000000e+00 1.568366666666666520e-02 2.190188888888888741e-02 2.755577777777777626e-02 3.653700000000000003e-02
9.222744444444444523e-02 0.000000000000000000e+00 1.578922222222222185e-02 2.269633333333333225e-02 2.802422222222222120e-02 3.668111111111110878e-02
9.375733333333333142e-02 0.000000000000000000e+00 1.587488888888888977e-02 2.352755555555555503e-02 2.851555555555555441e-02 3.683711111111111214e-02
9.530788888888888644e-02 0.000000000000000000e+00 1.593588888888888833e-02 2.438788888888888950e-02 2.900877777777777916e-02 3.698633333333333634e-02
9.687866666666666848e-02 0.000000000000000000e+00 1.596644444444444283e-02 2.528299999999999992e-02 2.951799999999999910e-02 3.714277777777777456e-02
9.848044444444443990e-02 0.000000000000000000e+00 1.597600000000000062e-02 2.621244444444444446e-02 3.004544444444444407e-02 3.730477777777777698e-02
1.000984444444444482e-01 0.000000000000000000e+00 1.595477777777777606e-02 2.717155555555555643e-02 3.057922222222222292e-02 3.745922222222222014e-02
1.017597777777777823e-01 0.000000000000000000e+00 1.592299999999999965e-02 2.817444444444444293e-02 3.112844444444444469e-02 3.762733333333333208e-02
1.034504444444444421e-01 0.000000000000000000e+00 1.586411111111111008e-02 2.921100000000000085e-02 3.169777777777777611e-02 3.779500000000000220e-02
1.051695555555555578e-01 0.000000000000000000e+00 1.577733333333333418e-02 3.028433333333333324e-02 3.227455555555555633e-02 3.795644444444444543e-02
1.069028888888888945e-01 0.000000000000000000e+00 1.564566666666666536e-02 3.140622222222222426e-02 3.286633333333333074e-02 3.813333333333333158e-02
1.086471111111111110e-01 0.000000000000000000e+00 1.546777777777777821e-02 3.256188888888889021e-02 3.347022222222222065e-02 3.830911111111111322e-02
1.104163333333333386e-01 0.000000000000000000e+00 1.525155555555555639e-02 3.376811111111110986e-02 3.410233333333333172e-02 3.847844444444444706e-02
1.122355555555555606e-01 0.000000000000000000e+00 1.502122222222222227e-02 3.501411111111111391e-02 3.474177777777778114e-02 3.866288888888888553e-02
1.140881111111111124e-01 0.000000000000000000e+00 1.476566666666666652e-02 3.630266666666666364e-02 3.539599999999999691e-02 3.884633333333332994e-02
1.159540000000000015e-01 0.000000000000000000e+00 1.445188888888888912e-02 3.764311111111111330e-02 3.607266666666666954e-02 3.902322222222222303e-02
1.178281111111111057e-01 0.000000000000000000e+00 1.407844444444444378e-02 3.903177777777777635e-02 3.676122222222222291e-02 3.921566666666666950e-02
1.197141111111111045e-01 0.000000000000000000e+00 1.364566666666666706e-02 4.046899999999999803e-02 3.746844444444444311e-02 3.940966666666666923e-02
1.216957777777777777e-01 0.000000000000000000e+00 1.323666666666666741e-02 4.195355555555555643e-02 3.818988888888889127e-02 3.960077777777777641e-02
1.236676666666666619e-01 0.000000000000000000e+00 1.274877777777777728e-02 4.349255555555555514e-02 3.894388888888888900e-02 3.979266666666666369e-02
1.256421111111111211e-01 0.000000000000000000e+00 1.217999999999999985e-02 4.508566666666666972e-02 3.970211111111111163e-02 3.999677777777777693e-02
1.276269999999999905e-01 0.000000000000000000e+00 1.155277777777777813e-02 4.672911111111111016e-02 4.048088888888888570e-02 4.020077777777777972e-02
1.297222222222222110e-01 0.000000000000000000e+00 1.095377777777777756e-02 4.843411111111110834e-02 4.128088888888888780e-02 4.040266666666667006e-02
1.317844444444444540e-01 0.000000000000000000e+00 1.024533333333333372e-02 5.018933333333333580e-02 4.211055555555555385e-02 4.060677777777777636e-02
1.338551111111111191e-01 0.000000000000000000e+00 9.462111111111110376e-03 5.200755555555555687e-02 4.295000000000000207e-02 4.082266666666666682e-02
1.359847777777777877e-01 0.000000000000000000e+00 8.644333333333333730e-03 5.388066666666666699e-02 4.381100000000000272e-02 4.103988888888888964e-02
1.381568888888888846e-01 0.000000000000000000e+00 7.789444444444444324e-03 5.582377777777777772e-02 4.469233333333333391e-02 4.125788888888888561e-02
1.403079999999999883e-01 0.000000000000000000e+00 6.832444444444444806e-03 5.781555555555555753e-02 4.559855555555555884e-02 4.146799999999999792e-02
1.424866666666666781e-01 0.000000000000000000e+00 5.808555555555555520e-03 5.987755555555555886e-02 4.652566666666666656e-02 4.169622222222222480e-02
1.447589999999999988e-01 0.000000000000000000e+00 4.792444444444444659e-03 6.199944444444444730e-02 4.748588888888888998e-02 4.192755555555555819e-02
1.469855555555555637e-01 0.000000000000000000e+00 3.645222222222222006e-03 6.417888888888888255e-02 4.846299999999999913e-02 4.215988888888888564e-02
1.492488888888888754e-01 0.000000000000000000e+00 2.421888888888888789e-03 6.643411111111111045e-02 4.946300000000000002e-02 4.239366666666666977e-02
1.515848888888888801e-01 0.000000000000000000e+00 1.196000000000000014e-03 6.874922222222222545e-02 5.048711111111111455e-02 4.262944444444444203e-02
1.538936666666666786e-01 0.000000000000000000e+00 2.793333333333333107e-04 7.050288888888889272e-02 5.153711111111110993e-02 4.286522222222222123e-02
1.562414444444444328e-01 0.000000000000000000e+00 2.833333333333333198e-05 7.181322222222222273e-02 5.261033333333333534e-02 4.310888888888889103e-02
