5.636638222222222216e-01 3.443348444444444545e-01 1.458093333333333463e-01 5.834791111111110873e-02 2.382266666666666560e-02 1.000000000000000021e-02
2.358730666666666587e-01 7.791075555555555809e-02 6.884551111111110455e-02 6.497955555555555429e-02 2.676408888888888796e-02 1.027582222222222195e-02
1.356343111111110999e-01 3.344799999999999857e-02 2.954613333333333189e-02 4.132897777777777559e-02 2.986613333333333273e-02 1.115288888888888927e-02
8.995031111111111144e-02 1.850471111111110997e-02 1.633706666666666710e-02 2.293102222222222208e-02 2.668275555555555539e-02 1.222435555555555567e-02
6.457155555555554871e-02 1.173315555555555501e-02 1.035182222222222163e-02 1.452604444444444490e-02 2.022915555555555508e-02 1.311679999999999964e-02
4.870835555555555474e-02 8.101600000000000468e-03 7.142577777777777727e-03 1.002008888888888949e-02 1.419822222222222145e-02 1.312817777777777750e-02
3.798808888888888929e-02 5.930488888888888963e-03 5.223288888888889120e-03 7.326222222222221817e-03 1.038124444444444433e-02 1.196462222222222267e-02
3.017377777777777853e-02 4.532977777777777613e-03 3.986488888888888547e-03 5.589600000000000124e-03 7.919199999999999504e-03 1.031040000000000081e-02
2.429306666666666836e-02 3.578755555555555423e-03 3.142222222222222031e-03 4.404977777777777971e-03 6.240088888888889115e-03 8.632177777777777505e-03
1.967093333333333471e-02 2.897511111111110947e-03 2.541866666666666580e-03 3.560355555555555409e-03 5.043111111111111058e-03 7.006933333333333069e-03
1.623271111111111026e-02 2.393600000000000068e-03 2.097599999999999812e-03 2.937777777777777870e-03 4.160977777777777678e-03 5.780177777777778005e-03
1.362666666666666714e-02 2.013155555555555531e-03 1.761422222222222295e-03 2.465600000000000083e-03 3.490844444444444247e-03 4.849688888888889146e-03
1.160346666666666610e-02 1.719111111111111144e-03 1.500177777777777837e-03 2.098399999999999831e-03 2.970844444444444617e-03 4.126844444444444093e-03
9.999377777777778212e-03 1.483822222222222270e-03 1.293511111111111207e-03 1.808088888888888940e-03 2.558844444444444578e-03 3.554400000000000094e-03
8.708355555555555641e-03 1.295466666666666641e-03 1.127377777777777883e-03 1.573600000000000085e-03 2.226933333333333542e-03 3.093422222222222146e-03
7.650844444444444316e-03 1.139999999999999954e-03 9.896888888888889964e-04 1.383022222222222205e-03 1.955911111111111045e-03 2.716888888888888912e-03
6.779733333333333618e-03 1.014222222222222131e-03 8.780444444444444885e-04 1.223911111111111033e-03 1.731555555555555626e-03 2.404799999999999906e-03
6.048088888888888785e-03 9.076444444444444490e-04 7.832888888888888583e-04 1.091377777777777875e-03 1.543555555555555609e-03 2.143377777777777642e-03
5.429599999999999704e-03 8.171555555555555170e-04 7.036444444444444777e-04 9.793777777777777551e-04 1.384622222222222244e-03 1.922666666666666708e-03
4.905955555555555590e-03 7.438222222222221720e-04 6.352888888888888388e-04 8.841777777777778263e-04 1.249600000000000016e-03 1.734755555555555486e-03
4.445777777777777662e-03 6.720888888888888659e-04 5.763555555555555186e-04 8.012444444444444648e-04 1.132177777777777783e-03 1.572622222222222260e-03
4.051377777777778050e-03 6.130666666666666426e-04 5.254222222222221760e-04 7.307555555555555853e-04 1.031644444444444536e-03 1.431999999999999896e-03
3.717422222222222135e-03 5.715555555555555103e-04 4.815999999999999968e-04 6.681777777777777802e-04 9.438222222222222629e-04 1.310044444444444364e-03
3.408622222222222435e-03 5.188444444444444310e-04 4.431999999999999850e-04 6.141333333333333713e-04 8.666666666666666269e-04 1.202755555555555566e-03
3.154222222222222323e-03 4.911111111111111103e-04 4.088000000000000162e-04 5.663999999999999981e-04 7.983111111111110964e-04 1.107733333333333226e-03
2.909155555555555626e-03 4.475555555555555320e-04 3.779555555555555750e-04 5.228444444444444198e-04 7.379555555555555434e-04 1.024088888888888965e-03
2.706399999999999865e-03 4.213333333333333470e-04 3.513777777777777776e-04 4.857777777777777918e-04 6.846222222222222509e-04 9.495999999999999884e-04
2.517688888888888841e-03 3.939555555555555302e-04 3.274666666666666936e-04 4.512888888888888657e-04 6.358222222222222574e-04 8.827555555555555936e-04
2.341777777777777694e-03 3.612444444444444492e-04 3.053333333333333463e-04 4.212444444444444439e-04 5.934222222222222025e-04 8.226666666666666416e-04
2.190222222222222310e-03 3.392000000000000050e-04 2.861333333333333133e-04 3.933333333333333169e-04 5.542222222222222255e-04 7.684444444444444265e-04
2.056088888888888896e-03 3.221333333333333210e-04 2.683555555555555672e-04 3.682666666666666554e-04 5.192000000000000434e-04 7.198222222222222392e-04
1.938666666666666663e-03 3.103111111111111066e-04 2.526222222222222129e-04 3.464000000000000174e-04 4.869333333333333153e-04 6.753777777777777384e-04
1.822844444444444469e-03 2.918222222222222441e-04 2.376000000000000020e-04 3.256888888888889028e-04 4.578666666666666649e-04 6.351111111111111410e-04
1.711111111111111166e-03 2.678222222222222029e-04 2.242666666666666788e-04 3.071999999999999861e-04 4.312888888888888675e-04 5.982222222222222108e-04
1.618133333333333273e-03 2.555555555555555814e-04 2.120000000000000031e-04 2.899555555555555502e-04 4.070222222222222254e-04 5.644444444444444552e-04
1.531377777777777728e-03 2.432888888888888785e-04 2.004444444444444438e-04 2.741333333333333469e-04 3.848888888888888781e-04 5.333333333333333589e-04
1.456800000000000065e-03 2.365333333333333274e-04 1.905777777777777722e-04 2.594666666666666671e-04 3.646222222222222247e-04 5.047111111111111156e-04
1.387555555555555504e-03 2.300444444444444314e-04 1.803555555555555424e-04 2.463111111111111230e-04 3.455999999999999979e-04 4.785777777777777795e-04
1.322222222222222245e-03 2.227555555555555430e-04 1.723555555555555648e-04 2.340444444444444473e-04 3.280888888888889069e-04 4.544888888888888893e-04
1.261777777777777680e-03 2.160888888888888950e-04 1.643555555555555601e-04 2.224888888888888879e-04 3.119999999999999944e-04 4.318222222222222319e-04
1.193955555555555569e-03 1.980444444444444396e-04 1.567111111111111135e-04 2.117333333333333209e-04 2.971555555555555625e-04 4.110222222222222142e-04
1.137333333333333295e-03 1.868444444444444384e-04 1.498666666666666593e-04 2.021333333333333315e-04 2.829333333333333440e-04 3.918222222222222354e-04
1.086311111111111158e-03 1.795555555555555501e-04 1.432888888888888873e-04 1.929777777777777763e-04 2.698666666666666488e-04 3.738666666666666831e-04
1.036088888888888823e-03 1.704888888888888979e-04 1.368888888888888944e-04 1.846222222222222134e-04 2.576888888888888762e-04 3.567111111111110960e-04
9.939555555555554776e-04 1.664000000000000060e-04 1.309333333333333356e-04 1.760888888888888985e-04 2.464000000000000261e-04 3.412444444444444509e-04
9.549333333333333068e-04 1.616888888888889009e-04 1.259555555555555483e-04 1.691555555555555683e-04 2.360888888888888933e-04 3.265777777777777711e-04
9.162666666666666399e-04 1.560888888888889003e-04 1.209777777777777745e-04 1.620444444444444319e-04 2.260444444444444426e-04 3.126222222222222076e-04
8.790222222222222057e-04 1.482666666666666746e-04 1.170666666666666617e-04 1.553777777777777839e-04 2.167111111111111083e-04 2.999999999999999737e-04
8.472888888888888961e-04 1.461333333333333256e-04 1.118222222222222192e-04 1.496000000000000042e-04 2.080888888888888903e-04 2.876444444444444491e-04
8.185777777777777497e-04 1.448888888888888991e-04 1.079111111111111064e-04 1.436444444444444455e-04 1.999111111111111065e-04 2.763555555555555448e-04
7.912000000000000413e-04 1.437333333333333215e-04 1.034666666666666699e-04 1.383111111111111000e-04 1.925333333333333421e-04 2.652444444444444467e-04
7.656888888888888642e-04 1.427555555555555500e-04 9.973333333333333616e-05 1.329777777777777815e-04 1.849777777777777716e-04 2.556444444444444302e-04
7.421333333333333384e-04 1.415111111111111235e-04 9.671111111111110523e-05 1.282666666666666764e-04 1.783111111111111236e-04 2.461333333333333168e-04
7.190222222222222197e-04 1.406222222222222281e-04 9.333333333333332967e-05 1.233777777777777650e-04 1.713777777777777663e-04 2.368888888888888856e-04
6.980444444444444500e-04 1.396444444444444567e-04 9.022222222222222275e-05 1.191999999999999971e-04 1.655999999999999866e-04 2.283555555555555436e-04
6.784000000000000100e-04 1.384000000000000031e-04 8.746666666666666045e-05 1.152888888888888843e-04 1.600888888888888891e-04 2.204444444444444420e-04
6.488000000000000494e-04 1.276444444444444360e-04 8.506666666666666988e-05 1.112000000000000060e-04 1.542222222222222334e-04 2.127111111111111195e-04
6.223999999999999498e-04 1.181333333333333362e-04 8.248888888888888666e-05 1.071111111111111141e-04 1.488000000000000119e-04 2.058666666666666653e-04
5.999999999999999474e-04 1.112888888888888955e-04 8.026666666666666162e-05 1.040888888888888831e-04 1.440888888888888796e-04 1.984888888888889009e-04
5.776888888888888482e-04 1.048888888888888890e-04 7.724444444444444424e-05 1.008888888888888867e-04 1.393777777777777745e-04 1.920888888888888809e-04
5.593777777777777377e-04 1.012444444444444449e-04 7.502222222222221920e-05 9.742222222222222158e-05 1.352888888888888826e-04 1.858666666666666670e-04
5.386666666666666773e-04 9.608888888888889198e-05 7.262222222222222863e-05 9.457777777777778329e-05 1.303111111111111223e-04 1.797333333333333292e-04
5.204444444444444699e-04 9.173333333333333144e-05 7.040000000000000359e-05 9.155555555555555235e-05 1.262222222222222304e-04 1.741333333333333286e-04
5.053333333333333288e-04 8.951111111111110640e-05 6.844444444444444718e-05 8.897777777777778269e-05 1.228444444444444549e-04 1.687111111111111071e-04
4.904888888888888970e-04 8.702222222222222628e-05 6.631111111111111169e-05 8.648888888888888902e-05 1.186666666666666734e-04 1.637333333333333468e-04
4.758222222222222172e-04 8.417777777777777444e-05 6.417777777777777619e-05 8.417777777777777444e-05 1.153777777777777739e-04 1.589333333333333386e-04
4.605333333333333241e-04 8.062222222222221980e-05 6.257777777777777796e-05 8.124444444444444660e-05 1.117333333333333297e-04 1.540444444444444543e-04
4.447111111111111208e-04 7.537777777777777738e-05 6.115555555555555881e-05 7.911111111111111111e-05 1.088000000000000019e-04 1.495111111111111011e-04
4.333333333333333134e-04 7.431111111111111641e-05 5.964444444444444335e-05 7.706666666666666516e-05 1.056888888888888949e-04 1.454222222222222092e-04
4.223111111111111184e-04 7.333333333333333143e-05 5.831111111111111374e-05 7.475555555555555057e-05 1.028444444444444431e-04 1.409777777777777863e-04
4.119999999999999856e-04 7.226666666666667046e-05 5.671111111111110873e-05 7.271111111111110462e-05 9.991111111111111525e-05 1.372444444444444525e-04
4.022222222222222171e-04 7.137777777777777502e-05 5.555555555555555822e-05 7.102222222222221684e-05 9.706666666666666340e-05 1.334222222222222157e-04
3.927111111111111037e-04 7.040000000000000359e-05 5.413333333333333230e-05 6.915555555555554998e-05 9.448888888888889374e-05 1.300444444444444402e-04
3.839111111111111066e-04 6.951111111111110815e-05 5.288888888888889224e-05 6.746666666666666220e-05 9.200000000000000007e-05 1.264888888888888855e-04
3.752000000000000127e-04 6.862222222222222627e-05 5.208888888888888634e-05 6.568888888888888488e-05 8.977777777777777503e-05 1.231111111111111100e-04
3.665777777777777676e-04 6.773333333333333083e-05 5.111111111111110814e-05 6.417777777777777619e-05 8.737777777777778446e-05 1.198222222222222240e-04
3.583111111111111349e-04 6.684444444444444895e-05 5.031111111111110902e-05 6.248888888888888841e-05 8.488888888888889079e-05 1.167111111111111170e-04
3.509333333333333163e-04 6.595555555555555351e-05 4.942222222222222036e-05 6.088888888888889018e-05 8.320000000000000301e-05 1.138666666666666652e-04
3.437333333333333582e-04 6.533333333333332671e-05 4.862222222222222125e-05 5.937777777777777471e-05 8.106666666666666752e-05 1.108444444444444478e-04
3.365333333333333458e-04 6.453333333333333437e-05 4.764444444444444304e-05 5.795555555555555557e-05 7.911111111111111111e-05 1.081777777777777750e-04
3.297777777777777947e-04 6.373333333333332847e-05 4.675555555555555438e-05 5.679999999999999828e-05 7.697777777777777561e-05 1.056000000000000054e-04
3.233777777777778017e-04 6.275555555555555705e-05 4.595555555555555526e-05 5.537777777777777913e-05 7.511111111111110875e-05 1.031111111111111117e-04
3.164444444444444444e-04 6.186666666666666161e-05 4.506666666666666660e-05 5.431111111111111138e-05 7.315555555555555234e-05 1.001777777777777839e-04
3.105777777777777617e-04 6.088888888888889018e-05 4.399999999999999886e-05 5.306666666666666455e-05 7.164444444444444365e-05 9.822222222222222747e-05
3.050666666666666913e-04 6.088888888888889018e-05 4.248888888888889017e-05 5.226666666666666543e-05 7.040000000000000359e-05 9.591111111111111289e-05
2.991111111111111054e-04 6.088888888888889018e-05 4.142222222222222242e-05 5.057777777777777765e-05 6.844444444444444718e-05 9.359999999999999831e-05
2.939555555555555390e-04 6.088888888888889018e-05 4.071111111111111285e-05 4.951111111111110991e-05 6.711111111111111758e-05 9.155555555555555235e-05
2.887111111111111236e-04 6.088888888888889018e-05 3.991111111111111373e-05 4.844444444444444216e-05 6.551111111111110579e-05 8.951111111111110640e-05
2.837333333333333092e-04 6.088888888888889018e-05 3.893333333333333552e-05 4.755555555555555350e-05 6.399999999999999710e-05 8.746666666666666045e-05
2.786666666666666459e-04 6.088888888888889018e-05 3.813333333333333641e-05 4.657777777777777529e-05 6.266666666666666750e-05 8.559999999999999359e-05
