2.680523335665408594e-07
2.562086250657674805e-07
2.449086573475908087e-07
2.339932158160876659e-07
2.237734843045822583e-07
2.137434508601404924e-07
2.043777535080162516e-07
1.954355713119993280e-07
1.861734417953834925e-07
2.687790474280608494e-10
2.453929622683304203e-10
2.306270177947305623e-10
2.245400036156032853e-10
2.265500560493213312e-10
2.354963506177139123e-10
2.497454933929396321e-10
2.673324426235769777e-10
2.861238280910664877e-10
6.770039188729008691e-09
5.910471482615165977e-09
5.110589967721608654e-09
4.381607386398450531e-09
3.732242891331199728e-09
3.168701601901797541e-09
2.694771091283424370e-09
2.893295998859932111e-10
2.647777538891734867e-10
2.371313555769928309e-10
2.077899685504850220e-10
1.781115499646136229e-10
1.493084329927652129e-10
1.223714190860514035e-10
9.802622001766707732e-11
7.672204489172653518e-11
5.864830580016036655e-11
4.377271768708049501e-11
3.189273885730730890e-11
2.269231488684123330e-11
1.579699806057157858e-11
1.082231614714012852e-11
7.412308386449574554e-12
5.267029047592232214e-12
4.159254359009316159e-12
3.941488327335906596e-12
4.544675622442418814e-12
5.969948637079097186e-12
8.274483183733229033e-12
1.155233877580795687e-11
1.591118397147625172e-11
2.144612415560064714e-11
2.821241149903923436e-11
3.619947424413846274e-11
4.530923990919042942e-11
5.534192119792891788e-11
6.599211350399509334e-11
7.685715124508477187e-11
8.745825049397277022e-11
9.727322033642763019e-11
1.057777439872602669e-10
1.124907404279875962e-10
1.170184151142274869e-10
1.190914954027559620e-10
1.185908823921738308e-10
1.155584376316680563e-10
1.101916218576429683e-10
1.028228810608780786e-10
9.388667216843138530e-11
8.387851758295433693e-11
7.331125657101219056e-11
6.267364056719059494e-11
5.239566094346440626e-11
4.282368535198782831e-11
3.420687357164623465e-11
2.669472933282361247e-11
2.034427255754782313e-11
1.513436489724890043e-11
1.098427229235203479e-11
7.773586341485545725e-12
5.361057234719071892e-12
3.600571850426867739e-12
2.353284353732222296e-12
1.495633506869156365e-12
9.235601972955558771e-13
5.536184571402764949e-13
3.218483266577948317e-13
1.812802107084985074e-13
9.881964808357239358e-14
5.207587352843648443e-14
2.649763118722044504e-14
1.300172170591292809e-14
6.143731525558255430e-15
2.791787208430188158e-15
1.218142273655041553e-15
5.095545374020653230e-16
2.040021408761970972e-16
7.803084492027688226e-17
2.846307476798927686e-17
9.881806956765115031e-18
3.258684186252729401e-18
1.018514928965273749e-18
3.010464272672630678e-19
8.394876876880483614e-20
2.203098407550226393e-20
5.427047954408345062e-21
1.251461465207418033e-21
2.693600650679550158e-22
5.393634110104097754e-23
9.998919827338652447e-24
1.691890254207571658e-24
2.410652606855593473e-25
7.621724538862266256e-27
-2.677506922906188135e-26
-3.157862866790757657e-26
-3.206779146805328562e-26
-3.200449275395027163e-26
-3.196879712556408898e-26
-3.206995272185966585e-26
-3.214873417630696422e-26
-3.206437238657874118e-26
-3.203015919074953059e-26
-3.199929393068094236e-26
-3.205128982707968555e-26
-3.210466689964910404e-26
-3.197288597780480532e-26
-3.192761363927526227e-26
-3.202493109438839544e-26
-3.201514899184066150e-26
-3.200619188194574689e-26
-3.204384916352353976e-26
-3.196565542295923610e-26
-3.197800017846711479e-26
-3.196862791834225639e-26
-3.191053476699546746e-26
-3.173941905788158433e-26
-3.175947469379831474e-26
-3.174963138494046655e-26
-3.178769042533258345e-26
-3.176332871219657486e-26
-3.176403827637792834e-26
-3.165687715629381473e-26
-3.157390516039705353e-26
-3.154030388657665416e-26
-3.153162446864130941e-26
-3.141827759132607327e-26
-3.140077932768172834e-26
-3.125680628787471209e-26
-3.128626691273124364e-26
-3.107289185085926313e-26
-3.108398261077070468e-26
-3.105411891247473307e-26
-3.094734044773737632e-26
-3.083962467007777044e-26
-3.057042035186876447e-26
-3.050052999207393253e-26
-3.040988983686722309e-26
-3.028542933034779649e-26
-3.011748680366651578e-26
-2.996491763277303489e-26
-2.985241423705249090e-26
-2.969496041911370314e-26
-2.958485558747760618e-26
-2.938244308174503271e-26
-2.915802948013044038e-26
-2.899086727413690111e-26
-2.882077667978108383e-26
-2.860481718885377626e-26
-2.836060225620132392e-26
-2.816723939974699974e-26
-2.798774112799611930e-26
-2.776057884882850570e-26
-2.743179676501469087e-26
-2.721675018644395717e-26
-2.689931545433610997e-26
-2.669418342236284550e-26
-2.640517068853599290e-26
-2.620173323056524786e-26
-2.579797805373958570e-26
-2.562574169248591172e-26
-2.532569359779512427e-26
-2.494132311357052136e-26
-2.467567469564309167e-26
-2.441481490442241347e-26
-2.399518772527117693e-26
-2.374842211963252483e-26
-2.334013373449492784e-26
-2.307356554600752782e-26
-2.271169558938257005e-26
-2.235623367638587595e-26
-2.198296579452674062e-26
-2.162607880217455243e-26
-2.127959840761932303e-26
-2.100523569450588294e-26
-2.058476956861989993e-26
-2.021787464209749964e-26
-1.985406495195738228e-26
-1.949065080634671559e-26
-1.909445714704914065e-26
-1.881778806046658236e-26
-1.842493483292229019e-26
-1.803572603548370888e-26
