2.391718381269238502e-32
2.279260103077692674e-32
2.144305277873811322e-32
1.989582310705817025e-32
1.820407223999213856e-32
1.644087220402517511e-32
1.469132306990519938e-32
1.304377359412808462e-32
1.158114991532619658e-32
1.037325567658825785e-32
9.470693356505329683e-33
8.900816653701873202e-33
8.665894493692340779e-33
8.743470435782415834e-33
9.088743632499314272e-33
9.638674896093020489e-33
1.031742542626374617e-32
1.104265995565453314e-32
1.173219021326778714e-32
1.231040533175254387e-32
1.271394416465445175e-32
1.289612114127523750e-32
1.282972742813511727e-32
1.250798843870917548e-32
1.194365191082120610e-32
1.116638347795948799e-32
1.021882979662055582e-32
9.151844996379358680e-33
8.019443819858487533e-33
6.874035250946687565e-33
5.762408063148010936e-33
4.722801237050657706e-33
3.783222885053629610e-33
2.961009778508029289e-33
2.263472085660359395e-33
1.689363797409597147e-33
1.230868021742124590e-33
8.757869576044891833e-34
6.096691738917516459e-34
4.176763534263263715e-34
2.860705504469818856e-34
2.032756626288544417e-34
1.605222181670082724e-34
1.521177582738728160e-34
1.753971622783246100e-34
2.304041337340335629e-34
3.193453153355200558e-34
4.458508389352582582e-34
6.140760637137542861e-34
8.276914858753801532e-34
1.088829507110229900e-33
1.397082121116693932e-33
1.748664319586541711e-33
2.135865513748308493e-33
2.546898921496458929e-33
2.966224071661930543e-33
3.375362782487356602e-33
3.754161623423936653e-33
4.082385118081908006e-33
4.341466430788508305e-33
4.516207459117188640e-33
4.596215897560505262e-33
4.576895244393950691e-33
4.459861103798314080e-33
4.252734273318681078e-33
3.968345169961182194e-33
3.623461219713675975e-33
3.237206608874789024e-33
2.829373850603489222e-33
2.418825812529417290e-33
2.022157577055399601e-33
1.652736853637498561e-33
1.320179712112376464e-33
1.030256097848606960e-33
7.851666371059887964e-34
5.840955166863017609e-34
4.239268871593452454e-34
3.000137079727041650e-34
2.069045854753566512e-34
1.389604314168167009e-34
9.082263113352536015e-35
5.772246353904718950e-35
3.564387235887976155e-35
2.136634480309137686e-35
1.242141087056639071e-35
6.996326509745330846e-36
3.813844439327913811e-36
2.009815704986165985e-36
1.022649294128989683e-36
5.017883082101945737e-37
2.371111086699629630e-37
1.077462056093465962e-37
4.701296985755689521e-38
1.966574235682119166e-38
7.873256439145427445e-39
3.011521592770452047e-39
1.098503602608743625e-39
3.813783517700583222e-40
1.257656225440413100e-40
3.930855422489287570e-41
1.161858255223051624e-41
3.239917841438288891e-42
8.502635181223901979e-43
2.094513817612309544e-43
4.829883881505126555e-44
1.039562541310375630e-44
2.081561876721540060e-45
3.858390116536124513e-46
6.523444356537716630e-47
9.239115214644783490e-48
2.262783556369055835e-49
1.103945724936636996e-48
1.293267646339999846e-48
1.315280916705937036e-48
1.316088336437457660e-48
1.318516088700524587e-48
1.326536039302420394e-48
1.333725339107020542e-48
1.334171842722612067e-48
1.337277210181449823e-48
1.340259077460030508e-48
1.346599332387075339e-48
1.353701159674416209e-48
1.351887807275971110e-48
1.354810453305337122e-48
1.363471829952577342e-48
1.367866875636124808e-48
1.371938938443574255e-48
1.377587723674811129e-48
1.378742273887091490e-48
1.383156463325233615e-48
1.387203103550035311e-48
1.388720006124473311e-48
1.385038379755557130e-48
1.389158112534560742e-48
1.392537334499914785e-48
1.397273495506843990e-48
1.399210726387292564e-48
1.401970840344880306e-48
1.399678022099431635e-48
1.398976149093115157e-48
1.399209337532149117e-48
1.400509096953763414e-48
1.397187235519535251e-48
1.397251356824743161e-48
1.392198755157661255e-48
1.393827116761014116e-48
1.384791878713856689e-48
1.385387103519364967e-48
1.384061226100902965e-48
1.378783430687138432e-48
1.373587597056030435e-48
1.360811882219615908e-48
1.356146972675275246e-48
1.350786348115874445e-48
1.343941932775287951e-48
1.334341902333172827e-48
1.325911379932564814e-48
1.318759334947913203e-48
1.309010711833538757e-48
1.301754136645882869e-48
1.290104450064067131e-48
1.277490900709229670e-48
1.267201228832691898e-48
1.256705361428108701e-48
1.243898874855956060e-48
1.230157345680594203e-48
1.218270904089491242e-48
1.207001814517922647e-48
1.193426971272097210e-48
1.176022089867245715e-48
1.163155986705554453e-48
1.146030985194226006e-48
1.133483190355516348e-48
1.117630886137881237e-48
1.105578464283764677e-48
1.084596451734497577e-48
1.073906693244131308e-48
1.057902603318543889e-48
1.038079994709653018e-48
1.023144999538116225e-48
1.009287376180145879e-48
9.886076142118455166e-49
9.752542483272958464e-49
9.550145147375304823e-49
9.411826669336277570e-49
9.234256446706487933e-49
9.058968934299959488e-49
8.876555080095821561e-49
8.706216953711333909e-49
8.536004636663889066e-49
8.400203572947776927e-49
8.206692616148037957e-49
8.036611682655968645e-49
7.865371653686094958e-49
7.697446899464507862e-49
7.517938785181797973e-49
7.385906321297701981e-49
7.210317666741735070e-49
7.036817187536297903e-49
