4.306295664579993243e+00
4.073422816759317833e+00
3.853145976893445734e+00
3.644783680813771909e+00
3.447691339326742099e+00
3.261259241975692724e+00
3.084910668719206051e+00
2.918100103653950228e+00
2.760311545229204189e+00
2.611056907705890939e+00
2.469874508906133581e+00
2.336327639580301430e+00
2.210003209988241846e+00
2.090510469549192951e+00
1.977479795661319262e+00
1.870561548025006182e+00
1.769424985023344110e+00
1.673757238917306989e+00
1.583262346800500486e+00
1.497660334428860374e+00
1.416686350192939647e+00
1.340089846636388859e+00
1.267633807042209737e+00
1.199094014713871559e+00
1.134258362669582576e+00
1.072926201551769543e+00
1.014907723629843606e+00
9.600233808486042797e-01
9.081033349478527805e-01
8.589869377550266583e-01
8.125222398332851981e-01
7.685655257532224560e-01
7.269808743477328417e-01
6.876397424070903597e-01
6.504205703719272424e-01
6.152084086853674139e-01
5.818945635697344576e-01
5.503762610951579148e-01
5.205563285060785805e-01
4.923428918637625662e-01
4.656490891484608152e-01
4.403927980412905008e-01
4.164963776734608714e-01
3.938864236887154036e-01
3.724935360135858131e-01
3.522520987706795337e-01
3.331000718024983431e-01
3.149787932993335371e-01
2.978327930447747240e-01
2.816096158080106937e-01
2.662596544244539842e-01
2.517359921160051694e-01
2.379942536109008744e-01
2.249924646309292564e-01
2.126909193220419825e-01
2.010520552128314264e-01
1.900403352952769187e-01
1.796221368331113455e-01
1.697656465154839256e-01
1.604407615875208526e-01
1.516189966044102777e-01
1.432733954718912739e-01
1.353784484530850263e-01
1.279100138392727792e-01
1.208452440001108880e-01
1.141625155466545055e-01
1.078413633580059539e-01
1.018624182394135547e-01
9.620734799568700368e-02
9.085880171894818169e-02
8.580035710392325266e-02
8.101647061691666374e-02
7.649243035657812828e-02
7.221431145543741326e-02
6.816893388107611584e-02
6.434382250478805354e-02
6.072716931378750738e-02
5.730779765049433261e-02
5.407512836928861366e-02
5.101914780747630884e-02
4.813037747304256542e-02
4.539984535725917481e-02
4.281905878527081377e-02
4.037997872259855431e-02
3.807499545990798706e-02
3.589690560263100738e-02
3.383889029590016195e-02
3.189449461894827004e-02
3.005760808652357952e-02
2.832244619809209940e-02
2.668353297856717460e-02
2.513568445713213265e-02
2.367399303337810318e-02
2.229381268249843590e-02
2.099074495373029134e-02
1.976062571859489581e-02
1.859951262781717185e-02
1.750367323809792069e-02
1.646957377218767962e-02
1.549386847796895179e-02
1.457338955446413342e-02
1.370513761485380247e-02
1.288627265866512661e-02
1.211410552725037185e-02
1.138608981849555807e-02
1.069981423832525209e-02
1.005299536800298779e-02
9.443470827433375972e-03
8.869192815648572689e-03
8.328222010416077431e-03
7.818721809454743515e-03
7.338952896116419933e-03
6.887268112621950170e-03
6.462107624087008555e-03
6.061994356676286833e-03
5.685529693346519885e-03
5.331389410824629270e-03
4.998319841766979237e-03
4.685134246487114226e-03
4.390709379249318166e-03
4.113982234911323435e-03
3.853946962652469044e-03
3.609651934621394345e-03
3.380196958552715743e-03
3.164730624679538279e-03
2.962447778569744263e-03
2.772587112778531274e-03
2.594428871388435118e-03
2.427292662558556361e-03
2.270535375086150248e-03
2.123549195676970903e-03
1.985759724109091399e-03
1.856624183765751609e-03
1.735629725114576274e-03
1.622291819655272138e-03
1.516152741672634760e-03
1.416780134859237789e-03
1.323765660551426242e-03
1.236723723989511473e-03
1.155290274706558288e-03
1.079121676895915998e-03
1.007893645426222390e-03
9.413002430783631597e-04
8.790529345753329881e-04
8.208796930614010740e-04
7.665241548535496694e-04
7.157448185233865855e-04
6.683142846566611289e-04
6.240185329630987309e-04
5.826562337566834702e-04
5.440380911786464992e-04
5.079862158807397013e-04
4.743335252127882590e-04
4.429231692583984357e-04
4.136079813301128455e-04
3.862499517669920092e-04
3.607197240727206319e-04
3.368961125908740101e-04
3.146656410389645831e-04
2.939221013163632944e-04
2.745661320674693331e-04
2.565048165243214188e-04
2.396512991763861250e-04
2.239244208236175092e-04
2.092483715654415953e-04
1.955523612668853177e-04
1.827703070263771547e-04
1.708405371500648358e-04
1.597055111173522756e-04
1.493115550029372517e-04
1.396086118033723904e-04
1.305500061017535445e-04
1.220922224933544654e-04
1.141946971878970795e-04
1.068196222008913358e-04
9.993176154703513878e-05
9.349827885271716726e-05
8.748857581200833087e-05
8.187414092079754204e-05
7.662840793649358445e-05
7.172662352570087659e-05
6.714572357893741693e-05
6.286421768967000092e-05
5.886208131405542377e-05
5.512065514780749244e-05
5.162255127703843790e-05
4.835156568059516486e-05
4.529259668218463145e-05
4.243156897109290408e-05
3.975536283064915990e-05
3.725174823336395251e-05
3.490932348102910026e-05
3.271745808674861317e-05
3.066623961391956777e-05
2.874642420448033872e-05
2.694939054533878074e-05
2.526709703767131515e-05
2.369204194885102548e-05
2.221722634099333239e-05
2.083611958364566089e-05
