3.007309077707685718e-127
7.630849739949925552e-128
1.936268424428712626e-128
4.913102446900109810e-129
1.246646348273195142e-129
3.163205514170774303e-130
8.026155091210564459e-131
2.036492487219626924e-131
5.167162192946619541e-132
1.311034218117680292e-132
3.326342418669887704e-133
8.439348015863947913e-134
2.141102841351904477e-134
5.431879814976195740e-135
1.377982450820022845e-135
3.495543017138564650e-136
8.866641825412059207e-137
2.248914550258271414e-137
5.703630194142512669e-138
1.446403153985670776e-138
3.667596931060993406e-139
9.298704024608267757e-140
2.357251469444963314e-140
5.974835333748144364e-141
1.514175453833990495e-141
3.836633210694462542e-142
9.719450222605406024e-143
2.461750068520165462e-143
6.233767407148143193e-144
1.578175221986061920e-144
3.994400185132234847e-145
1.010726246632047282e-145
2.556790877022252284e-146
6.465927869538977072e-147
1.634688482923885489e-147
4.131449062280383781e-148
1.043825860125641517e-148
2.636374984536824149e-149
6.656336284293382824e-150
1.679994803194488602e-150
4.238586899077357170e-151
1.068982841783789798e-151
2.694964290705827174e-152
6.791476171090457440e-153
1.710805135207756333e-153
4.307828892074990471e-154
1.084261949191061182e-154
2.727873121069567067e-155
6.860006637697133738e-156
1.724374098625950166e-156
4.332525253670952074e-157
1.088051225573581114e-157
2.731191044324695991e-158
6.852437677849121003e-159
1.718399290069715811e-159
4.307097399576890536e-160
1.079002710034068440e-160
2.701675814389925469e-161
6.761023658462804498e-162
1.691048043392444840e-162
4.227266095694404783e-163
1.056134968515999429e-163
2.637131107781270063e-164
6.581016856241980122e-165
1.641345775505700652e-165
4.091194277082806609e-166
1.019155787791457788e-166
2.537285866277117651e-167
6.312986825024017613e-168
1.569769047457787654e-168
3.900957395862439258e-169
9.688149849966257661e-170
2.404610527553830164e-170
5.964628688117454890e-171
1.478624143650059556e-171
3.663272835422837250e-172
9.070257203105264578e-173
2.244455402870004536e-173
5.550676845953612670e-174
1.371915587775801667e-174
3.388898306830682784e-175
8.366482609178571085e-176
2.064354691149447914e-176
5.090808956258020927e-177
1.254742586956761735e-177
3.090952332976524029e-178
7.610347045227545798e-179
1.872819382386369175e-179
4.606504912233563190e-180
1.132495328859632711e-180
2.782887575673303859e-181
6.835250533984183116e-182
1.678100517348862349e-182
4.118048904347645863e-183
1.010136997680316399e-183
2.476792233217709527e-184
6.070502009199191768e-185
1.487272538176732331e-185
3.642441744449656725e-186
8.917350699253838108e-187
2.182354511209937509e-187
5.339073831637909196e-188
1.305757767969665591e-188
3.192421199767005576e-189
7.802671083469027690e-190
1.906499039105076263e-190
4.656982085563400822e-191
1.137238709693856732e-191
2.776400307659819291e-192
6.776416877459620485e-193
1.653521360348346979e-193
4.033807021866529660e-194
9.838297185434005475e-195
2.398987559134109295e-195
5.848479186776913838e-196
1.425503591819705267e-196
3.473821635564748738e-197
8.463770029066810962e-198
2.061771715513348512e-198
5.021583837639530668e-199
1.222833586904878732e-199
2.977304959613309819e-200
7.247887393865528673e-201
1.764145472113864037e-201
4.293335511715291271e-202
1.044708684148797649e-202
2.541780154142509951e-203
6.183373336375015471e-204
1.504041913633818768e-204
3.657998292752552272e-205
8.895662738117454137e-206
2.163048832252558897e-206
5.259076681287772345e-207
1.278526344702391457e-207
3.107911367825100787e-208
7.554193406846684920e-209
1.835987195912563520e-209
4.461849897907219296e-210
1.084240212193556250e-210
2.634527757034942563e-211
6.401004436663881380e-212
1.555116504339973004e-212
3.777882238892727940e-213
9.177110076913051137e-214
2.229136136592231021e-214
5.414290796457227488e-215
1.314988414284106928e-215
3.193587410341606332e-216
7.755557476048740996e-217
1.883326562664628516e-217
4.573173338859975772e-218
1.110426571700255509e-218
2.696144049762826411e-219
6.546034019214942794e-220
1.589264025107950759e-220
3.858310652049598708e-221
9.366614494839764077e-222
2.273802349808731692e-222
5.519607372713402853e-223
1.339830596637516192e-223
3.252207273958504403e-224
7.893939537640153020e-225
1.916007765080152781e-225
4.650385872223582061e-226
1.128676600169541718e-226
2.739299862264276205e-227
6.648124681806172017e-228
1.613426941544033511e-228
3.915523181608586881e-229
9.502143009171550993e-230
2.305922511798436283e-230
5.595765755987884455e-231
1.357896699365167361e-231
3.295082584375750396e-232
7.995745276893590310e-233
1.940191615943419789e-233
4.707860436797815194e-234
1.142342583434993023e-234
2.771808865600724640e-235
6.725496886001881202e-236
1.631848807918517932e-236
3.959411778518077917e-237
9.606736315463549738e-238
2.330861549449639778e-238
5.655258194357993283e-239
1.372096015067034682e-239
3.328984815402155120e-240
8.076727867240710663e-241
1.959544295183651669e-241
4.754126359517440122e-242
1.153408836534024161e-242
2.798287624020388754e-243
6.788887712248065502e-244
1.647031245729076702e-244
3.995781181259207915e-245
9.693903760390167947e-246
2.351762027575345823e-246
5.705385458526524715e-247
1.384124300132523086e-247
3.357856845996166602e-248
