0.000000000000000000e+00
0.000000000000000000e+00
0.000000000000000000e+00
0.000000000000000000e+00
0.000000000000000000e+00
0.000000000000000000e+00
0.000000000000000000e+00
0.000000000000000000e+00
0.000000000000000000e+00
0.000000000000000000e+00
0.000000000000000000e+00
0.000000000000000000e+00
0.000000000000000000e+00
0.000000000000000000e+00
0.000000000000000000e+00
0.000000000000000000e+00
0.000000000000000000e+00
0.000000000000000000e+00
0.000000000000000000e+00
0.000000000000000000e+00
0.000000000000000000e+00
0.000000000000000000e+00
0.000000000000000000e+00
0.000000000000000000e+00
0.000000000000000000e+00
0.000000000000000000e+00
0.000000000000000000e+00
0.000000000000000000e+00
0.000000000000000000e+00
0.000000000000000000e+00
0.000000000000000000e+00
0.000000000000000000e+00
0.000000000000000000e+00
0.000000000000000000e+00
0.000000000000000000e+00
0.000000000000000000e+00
0.000000000000000000e+00
0.000000000000000000e+00
0.000000000000000000e+00
0.000000000000000000e+00
0.000000000000000000e+00
0.000000000000000000e+00
0.000000000000000000e+00
0.000000000000000000e+00
0.000000000000000000e+00
0.000000000000000000e+00
0.000000000000000000e+00
0.000000000000000000e+00
0.000000000000000000e+00
0.000000000000000000e+00
0.000000000000000000e+00
0.000000000000000000e+00
0.000000000000000000e+00
0.000000000000000000e+00
0.000000000000000000e+00
0.000000000000000000e+00
0.000000000000000000e+00
0.000000000000000000e+00
0.000000000000000000e+00
0.000000000000000000e+00
0.000000000000000000e+00
0.000000000000000000e+00
0.000000000000000000e+00
0.000000000000000000e+00
0.000000000000000000e+00
0.000000000000000000e+00
0.000000000000000000e+00
0.000000000000000000e+00
0.000000000000000000e+00
0.000000000000000000e+00
0.000000000000000000e+00
0.000000000000000000e+00
0.000000000000000000e+00
0.000000000000000000e+00
0.000000000000000000e+00
0.000000000000000000e+00
0.000000000000000000e+00
0.000000000000000000e+00
0.000000000000000000e+00
0.000000000000000000e+00
0.000000000000000000e+00
0.000000000000000000e+00
0.000000000000000000e+00
0.000000000000000000e+00
0.000000000000000000e+00
0.000000000000000000e+00
0.000000000000000000e+00
0.000000000000000000e+00
0.000000000000000000e+00
0.000000000000000000e+00
0.000000000000000000e+00
0.000000000000000000e+00
0.000000000000000000e+00
0.000000000000000000e+00
0.000000000000000000e+00
0.000000000000000000e+00
0.000000000000000000e+00
2.243039502055374457e-87
6.199078211200015056e-85
1.337099227684588903e-82
2.275377050698796930e-80
3.086704861117700260e-78
3.371233510892150928e-76
2.992572458968957822e-74
2.178669421113414955e-72
1.312152252982074488e-70
6.591938697878993886e-69
2.784259284900571548e-67
9.962172587645018740e-66
3.041459066643469779e-64
7.977940490095733272e-63
1.809862652681800749e-61
3.573427982439751118e-60
6.177696401927316757e-59
9.405283226118030282e-58
1.267978221028461365e-56
1.521706881781306505e-55
1.633851703024646917e-54
1.577039556495523522e-53
1.374718246033474905e-52
1.087000445156396291e-51
7.829051536918984413e-51
5.156901834584899662e-50
3.118369856376916743e-49
1.737438468509528270e-48
8.950488587013079287e-48
4.277436051746839918e-47
1.902384123286030380e-46
7.897806946430583607e-46
3.069475038765921964e-45
1.119874135520844318e-44
3.845608561167366562e-44
1.246069601165436202e-43
3.818925031258618776e-43
1.109567199226421763e-42
3.062849369854165517e-42
8.049316088609829152e-42
2.017962823812187105e-41
4.835120329853112119e-41
1.109230532426683859e-40
2.440620420318425671e-40
5.158824120679409398e-40
1.049174330070922351e-39
2.056047769924089726e-39
3.887932766025620104e-39
7.103728447187541365e-39
1.255712288934473976e-38
2.150095216755974185e-38
3.570190211771204550e-38
5.755321830481271972e-38
9.016716351383446227e-38
1.374239603120734980e-37
2.039513664429233172e-37
2.950103291218223388e-37
4.162684374498911794e-37
5.734544507098482077e-37
7.719032694909178993e-37
1.016019426786563079e-36
1.308705619024468006e-36
1.650817550963789702e-36
2.040714126191738940e-36
2.473970301332293898e-36
2.943307718295712093e-36
3.438776346146417900e-36
3.948191457448140200e-36
4.457798457046863742e-36
4.953108264183188905e-36
5.419822887480941119e-36
5.844758276719798475e-36
6.216671515172103305e-36
6.526911872148939241e-36
6.769838057122762835e-36
6.942973473207550807e-36
7.046902727156814253e-36
7.084941437070003978e-36
7.062633573098452637e-36
6.987143629599599098e-36
6.866613997666770071e-36
6.709551771952538321e-36
6.524295995199733531e-36
6.318598925404799676e-36
6.099336410276892290e-36
5.872345628440038232e-36
5.642375313158402057e-36
5.413125167557703021e-36
5.187347618682476738e-36
4.966985676266322918e-36
4.753324302945995825e-36
4.547138029448368662e-36
4.348823326451915906e-36
4.158509537645634907e-36
3.976146433864185293e-36
3.801569479051395890e-36
3.634545785309851598e-36
3.474794726475681928e-36
3.322033689504305528e-36
3.175973357260774942e-36
3.036327867194032840e-36
2.902819424572550455e-36
2.775180176554936347e-36
