4.955809038369901799e-191
1.205314675587066129e-191
2.931146285040785711e-192
7.127342535282730859e-193
1.732897259176189960e-193
4.212840044147859466e-194
1.024084493480601576e-194
2.489184116350604413e-195
6.049790724483608744e-196
1.470236747273632107e-196
3.572723395261976334e-197
8.681168684208708008e-198
2.109235245233300364e-198
5.124378098769336714e-199
1.244881624409450768e-199
3.024035034186375798e-200
7.345454549899002749e-201
1.784123346858333676e-201
4.333175604558323681e-202
1.052359573269259449e-202
2.555638802745337098e-203
6.206018628694854709e-204
1.506975018962162270e-204
3.659140642388895134e-205
8.884504804473581101e-206
2.157094949044356225e-206
5.237062723950607556e-207
1.271422163817021054e-207
3.086568058297795010e-208
7.492843807517900564e-209
1.818875149202871613e-209
4.415146756839758738e-210
1.071702095813237514e-210
2.601299241118175284e-211
6.313848231308225260e-212
1.532450410490586355e-212
3.719354563033633153e-213
9.026886444156621107e-214
2.190776555254906591e-214
5.316778952924664959e-215
1.290296737277528513e-215
3.131277991154233022e-216
7.598801964971067373e-217
1.843998870408318606e-217
4.474740513877644647e-218
1.085845271623332172e-218
2.634880472173360008e-219
6.393620279523632140e-220
1.551409143497844218e-220
3.764429245263535975e-221
9.134114330635762022e-222
2.216297250909146982e-222
5.377539473998152275e-223
1.304770836887627151e-223
3.165776833321433118e-224
7.681055285399035363e-225
1.863620216265598177e-225
4.521565630240308267e-226
1.097025669473420881e-226
2.661584408310982073e-227
6.457436136770282427e-228
1.566666068302361379e-228
3.800924855051596050e-229
9.221438060105818168e-230
2.237199808623435912e-230
5.427596479198146245e-231
1.316763025710707160e-231
3.194513242142890295e-232
7.749970609817051052e-233
1.880147273836058902e-233
4.561222035694780897e-234
1.106542362161014158e-234
2.684439317217892119e-235
6.512330643120498198e-236
1.579854097930896216e-236
3.832628509545713274e-237
9.297653853835240677e-238
2.255527052626688115e-238
5.471691792836007740e-239
1.327377094131369125e-239
3.220055930910948103e-240
7.811484391276571470e-241
1.894961955941894650e-241
4.596909124988085864e-242
1.115142687559068813e-242
2.705165804495863806e-243
6.562295487347052535e-244
1.591907741302641803e-244
3.861699331120146366e-245
9.367771852728393265e-246
2.272447180824283320e-246
5.512549492357586157e-247
1.337234304347581398e-247
3.243865294947586395e-248
7.868977651789303051e-249
1.908848549042981083e-249
4.630444576416879454e-250
1.123247125207563970e-250
2.724760512069010285e-251
6.609642777687260973e-252
1.603347295801379504e-252
3.889338450214735274e-253
9.434658515085840115e-254
2.288622190287478306e-254
5.551630946298390925e-255
1.346703388991359165e-255
3.266766775889897426e-256
7.924345621937730009e-257
1.922252133958598626e-257
4.662900522673634611e-258
1.131097700600814989e-258
2.743765092635480162e-259
6.655650463786452600e-260
1.614489061338465659e-260
3.916323711383213999e-261
9.499946092959062631e-262
2.304414687475391558e-262
5.589887192784245113e-263
1.355968497977773903e-263
3.289191119630928188e-264
7.978770768626449307e-265
1.935392643352967225e-265
4.694718389999754131e-266
1.138825257354207884e-266
2.762477533523377841e-267
6.700891846557943355e-268
1.625448651314361360e-268
3.942929945522522501e-269
9.564548889252591496e-270
2.320074496368525539e-270
5.627804408947208822e-271
1.365128497320841297e-271
3.311389578565591160e-272
8.032449722007629160e-273
1.948492482929767423e-273
4.726471814057559938e-274
1.146496340886878967e-274
2.781124332940065878e-275
6.746228946421897389e-276
1.636367675308973522e-276
3.969381058995699594e-277
9.628419429983427785e-278
2.335661143949590014e-278
5.665529362591422147e-279
1.374274861724610877e-279
3.333589438464960756e-280
8.086539753190103505e-281
1.961585291347616566e-281
4.758091588064146763e-282
1.154175617896709852e-282
2.799656493836116470e-283
6.791490518856630683e-284
1.647382190559630636e-284
3.996070795830838714e-285
9.693301331860589273e-286
2.351181049337288996e-286
5.703407182690119188e-287
1.383493071269742857e-287
3.355936995744443085e-288
8.140323660702243206e-289
1.974496750764527510e-289
4.789781742926654418e-290
1.161894052060071171e-290
2.818508465597996612e-291
6.836415067508953914e-292
1.658434125933912963e-292
4.022237975472723371e-293
9.758028063520981703e-294
2.366882726164581323e-294
5.741729421565976896e-295
1.392761199115121502e-295
3.378394226863465625e-296
8.194518869497156168e-297
0.000000000000000000e+00
0.000000000000000000e+00
0.000000000000000000e+00
0.000000000000000000e+00
0.000000000000000000e+00
0.000000000000000000e+00
0.000000000000000000e+00
0.000000000000000000e+00
0.000000000000000000e+00
0.000000000000000000e+00
0.000000000000000000e+00
0.000000000000000000e+00
0.000000000000000000e+00
0.000000000000000000e+00
0.000000000000000000e+00
0.000000000000000000e+00
0.000000000000000000e+00
0.000000000000000000e+00
0.000000000000000000e+00
0.000000000000000000e+00
0.000000000000000000e+00
0.000000000000000000e+00
0.000000000000000000e+00
0.000000000000000000e+00
0.000000000000000000e+00
0.000000000000000000e+00
0.000000000000000000e+00
