2.191102088440953385e-73
1.790593986104015263e-71
1.204451423442220487e-69
6.725513115071930731e-68
3.142890873602123083e-66
1.238709194370706796e-64
4.148255989657454456e-63
1.188764526974112758e-61
2.934961608562167778e-60
6.283442457730147898e-59
1.173733707255444196e-57
1.924364930188808064e-56
2.784881054331845751e-55
3.576628076490590192e-54
4.097615095278056846e-53
4.208442202039461517e-52
3.893063503601260952e-51
3.258346073080175096e-50
2.478030950877933127e-49
1.719509151602786337e-48
1.092936182346262985e-47
6.387122516387639549e-47
3.444212837434993616e-46
1.719621620208427415e-45
7.975366144217526363e-45
3.446636272721318882e-44
1.392060273477934689e-43
5.269508418382640322e-43
1.874592753192412460e-42
6.283329303202616554e-42
1.989245427530388156e-41
5.962422037250383818e-41
1.695764947913110501e-40
4.586112295688561325e-40
1.181799899171010399e-39
2.907408868650521850e-39
6.841229461468948635e-39
1.542386175148463659e-38
3.337426892444159699e-38
6.941992488964444261e-38
1.390180523521535452e-37
2.684122017529891154e-37
5.003529281676955368e-37
9.017043480177495039e-37
1.572926523660864443e-36
2.659048671171995840e-36
4.361240966580381293e-36
6.947504936106923547e-36
1.076043110801793224e-35
1.621955301230989962e-35
2.381571115940138235e-35
3.409516574098371749e-35
4.763204356889644749e-35
6.498906296309818642e-35
8.666822655078938062e-35
1.130550712441910676e-34
1.443617994578567289e-34
1.805758398696879693e-34
2.214207947043850286e-34
2.663361296183954240e-34
3.144803226218008718e-34
3.647596692046860061e-34
4.158818745645252733e-34
4.664304044497467388e-34
5.149528087705827269e-34
5.600543216739525729e-34
6.004872892877462809e-34
6.352275009785352476e-34
6.635302085158565359e-34
6.849612250708571781e-34
6.994015824169985007e-34
7.070273144644449676e-34
7.082685829826332648e-34
7.037542263330511739e-34
6.942487075128013194e-34
6.805883477371578576e-34
6.636227947009439652e-34
6.441661414690210121e-34
6.229602888120341000e-34
6.006513329344430088e-34
5.777782105069759864e-34
5.547717064255650905e-34
5.319612921774922419e-34
5.095870902201251826e-34
4.878144618184740159e-34
4.667491654572019231e-34
4.464515977915261059e-34
4.269491961593056978e-34
4.082465726989693873e-34
3.903333256953877182e-34
3.731897276989445771e-34
3.567906374214399867e-34
3.411065055672569266e-34
3.261098051030602019e-34
3.117713261927430591e-34
2.980627813599514246e-34
2.849567860802693069e-34
2.724230111522924559e-34
2.604382473303314449e-34
2.489959390988769413e-34
2.380472974936740215e-34
2.275800253823096508e-34
2.175729502555048547e-34
2.080058645984032448e-34
1.988594927742417154e-34
1.901154382339604740e-34
1.817561061136843207e-34
1.738326188406789168e-34
1.661246703974178387e-34
1.588205771859530562e-34
1.518371786942852502e-34
1.451599798067115604e-34
1.387752922295566429e-34
1.326703984258186401e-34
1.268336475037320645e-34
1.212543990726137760e-34
1.159227602907947566e-34
1.108291232623650200e-34
1.059635906175475737e-34
1.013154513807162025e-34
9.687290762165545366e-35
9.262323103400459709e-35
8.855343904649912469e-35
8.465143547747689495e-35
8.090739554822989686e-35
7.731503758251959860e-35
7.387236292043051234e-35
7.058149583837089609e-35
6.744742357260795833e-35
6.447569640889805083e-35
6.166944242503637864e-35
5.902630599909650364e-35
5.653605932919858225e-35
5.417960845745907388e-35
5.192990336801781688e-35
4.975489446415894665e-35
4.762222583272908412e-35
4.550491760089079978e-35
4.338696944427950494e-35
4.126769979991273751e-35
3.916376476711140652e-35
3.710816779161516361e-35
3.514611274085621563e-35
3.332816372065325725e-35
3.170173017879640081e-35
3.030227844899723918e-35
2.914579761777692219e-35
2.822388747155893356e-35
2.750241743650413937e-35
2.692410864399569208e-35
2.641473196093902728e-35
2.589201792063745356e-35
2.527594805019045116e-35
2.449891090666111893e-35
2.351427974097683453e-35
2.230227100787859281e-35
2.087240270308764069e-35
1.926239551828560859e-35
1.753385386444698684e-35
1.576545158747847846e-35
1.404458283641357033e-35
1.245851095950709733e-35
1.108597722537760557e-35
9.990057049432309454e-36
9.212822561753568503e-36
8.772130888936311532e-36
8.660638968231845610e-36
8.846963826190689887e-36
9.278763896799470277e-36
9.887405534482277918e-36
1.059379108115332424e-35
1.131485630893760142e-35
1.197019825979965907e-35
1.248827820919118293e-35
1.281167022609548657e-35
1.290090275629936560e-35
1.273657069092080028e-35
1.231956998513650970e-35
1.166950696897555133e-35
1.082153322276394992e-35
9.822024909085872827e-36
8.723636999655432089e-36
7.580301277089768087e-36
6.442698345839891713e-36
5.354627520909280700e-36
4.350544900217468882e-36
3.454366392015228163e-36
2.679467313533082806e-36
2.029677484373047773e-36
1.500986266910703525e-36
1.083641206758918923e-36
7.643422283644320247e-37
5.282883884010894351e-37
3.609093290879656805e-37
2.491917188689690301e-37
1.825780121561177773e-37
1.534620048419804783e-37
1.573303373138205713e-37
1.926044560766611115e-37
2.602308085155029073e-37
