3.058897755406166374e-01
2.860864537006786446e-01
2.675065837375850686e-01
2.500792230812692862e-01
2.337372997290155796e-01
2.184174092302201275e-01
2.040596211910703506e-01
1.906072950126442012e-01
1.780069046242976349e-01
1.662078720025177425e-01
1.551624092751898443e-01
1.448253692047281882e-01
1.351541038240479664e-01
1.261083309707947131e-01
1.176500084314119898e-01
1.097432153715628828e-01
1.023540406966055583e-01
9.545047795800210011e-02
8.900232640113185656e-02
8.298109773800441125e-02
7.735992822581655437e-02
7.211349563850617816e-02
6.721794073316844642e-02
6.265079283487452744e-02
5.839089919069555268e-02
5.441835777503666038e-02
5.071445326188626923e-02
4.726159591394593629e-02
4.404326317236050004e-02
4.104394376280488116e-02
3.824908416321273763e-02
3.564503730474019583e-02
3.321901340044998430e-02
3.095903281536366292e-02
2.885388090716634740e-02
2.689306477904694279e-02
2.506677189526319155e-02
2.336583051634787828e-02
2.178167191489434676e-02
2.030629433488296762e-02
1.893222865803497953e-02
1.765250574000946926e-02
1.646062537776987050e-02
1.535052686741872514e-02
1.431656110950247848e-02
1.335346421640519129e-02
1.245633257417586882e-02
1.162059930906021894e-02
1.084201210725189816e-02
1.011661233497067151e-02
9.440715404971322666e-03
8.810892334968073100e-03
8.223952443247205951e-03
7.676927126887137139e-03
7.167054668502291677e-03
6.691766018226064788e-03
6.248671498719059018e-03
5.835548382286778052e-03
5.450329290681498254e-03
5.091091369808160502e-03
4.756046193314352258e-03
4.443530350898856202e-03
4.151996679080264055e-03
3.880006094112329121e-03
3.626219988688593639e-03
3.389393156027496572e-03
3.168367206855285563e-03
2.962064446695967905e-03
2.769482182719629985e-03
2.589687431190466384e-03
2.421811998282793078e-03
2.265047908693106071e-03
2.118643158067479160e-03
1.981897766780840037e-03
1.854160114050300550e-03
1.734823532735644581e-03
1.623323146478380941e-03
1.519132932058372618e-03
1.421762991002258796e-03
1.330757015567874367e-03
1.245689935250843695e-03
1.166165730919540644e-03
1.091815404583709737e-03
1.022295093643723956e-03
9.572843192540041787e-04
8.964843591684502075e-04
8.396167361219110999e-04
7.864218134398821142e-04
7.366574901642955909e-04
6.900979885374781964e-04
6.465327272015838986e-04
6.057652739505123111e-04
5.676123723166639351e-04
5.319030366889175489e-04
4.984777110424708788e-04
4.671874867182617612e-04
4.378933750204290617e-04
4.104656307079134619e-04
3.847831227409685174e-04
3.607327489077679955e-04
3.382088912013302877e-04
3.171129090441026158e-04
2.973526676680910297e-04
2.788420991537643662e-04
2.615007938116329766e-04
2.452536197581855993e-04
2.300303686931778674e-04
2.157654260292372569e-04
2.023974636581107867e-04
1.898691537615788895e-04
1.781269021895976281e-04
1.671206000343467392e-04
1.568033921273592388e-04
1.471314612780508289e-04
1.380638271564767585e-04
1.295621588015686599e-04
1.215905998086575011e-04
1.141156053175408842e-04
1.071057899846870941e-04
1.005317861811416485e-04
9.436611171138363052e-05
8.858304639817654916e-05
8.315851692468471696e-05
7.806998936793808105e-05
7.329636889757065060e-05
6.881790615059511286e-05
6.461610982727351599e-05
6.067366508489891775e-05
5.697435733585318185e-05
5.350300108368264231e-05
5.024537345637914755e-05
4.718815211971348931e-05
4.431885727537978529e-05
4.162579746913704705e-05
3.909801895306396234e-05
3.672525836364384539e-05
3.449789849379011658e-05
3.240692695209745119e-05
3.044389751677717973e-05
2.860089400486044730e-05
2.687049648950264283e-05
2.524574970958004750e-05
2.372013352635509651e-05
2.228753529183750623e-05
2.094222400261343188e-05
1.967882612145533584e-05
1.849230295694370661e-05
1.737792949873108954e-05
1.633127461294901534e-05
1.534818250865867774e-05
1.442475539222113692e-05
1.355733723200522550e-05
1.274249856103225898e-05
1.197702224998201059e-05
1.125789018746412441e-05
1.058227080866347104e-05
9.947507417353538167e-06
9.351107249924513236e-06
8.790731233453784847e-06
8.264184393015844635e-06
7.769406866375991804e-06
7.304465486962806744e-06
6.867545898583573671e-06
6.456945167734121771e-06
6.071064861599877733e-06
5.708404561916181518e-06
5.367555786811767143e-06
5.047196294571748127e-06
4.746084744949541618e-06
4.463055695242001969e-06
4.197014909821502090e-06
3.946934963194877873e-06
3.711851117950128302e-06
3.490857460156225655e-06
3.283103275903885884e-06
3.087789653727940064e-06
2.904166298632599366e-06
2.731528544357078823e-06
2.569214551379636203e-06
2.416602678953874348e-06
2.273109020228104698e-06
2.138185090189012901e-06
2.011315656834677018e-06
1.892016706586803766e-06
1.779833535530489199e-06
1.674338958599076415e-06
1.575131629327655455e-06
1.481834463264000388e-06
1.394093158563998032e-06
1.311574807710473930e-06
1.233966594674601931e-06
1.160974572201063031e-06
1.092322514232173469e-06
1.027750838800170953e-06
9.670155970123257610e-07
9.098875240279921311e-07
8.561511481845840256e-07
8.056039546699856017e-07
7.580556003679267338e-07
7.133271767084385796e-07
