1.532360213471671654e-05
1.464980549230067375e-05
1.400563647342509011e-05
1.338979231695788900e-05
1.280102754569210659e-05
1.223815144750489235e-05
1.170002566727298076e-05
1.118556190467439999e-05
1.069371971322051956e-05
1.022350439606726193e-05
9.773964994349869292e-06
9.344192363973060199e-06
8.933317336966821063e-06
8.540508963689608717e-06
8.164972832323942972e-06
7.805949462265669497e-06
7.462712768157834718e-06
7.134568591462724297e-06
6.820853296602426118e-06
6.520932428828730266e-06
6.234199431108024348e-06
5.960074417426299573e-06
5.698003000033297069e-06
5.447455168254189444e-06
5.207924216601128593e-06
4.978925720017027911e-06
4.759996554179066312e-06
4.550693958880567622e-06
4.350594642597100788e-06
4.159293926425814816e-06
3.976404925666793365e-06
3.801557767391208898e-06
3.634398842413927340e-06
3.474590090157744635e-06
3.321808314962976077e-06
3.175744532459717083e-06
3.036103344680861484e-06
2.902602342652141873e-06
2.774971535250988021e-06
2.652952803179099875e-06
2.536299376944513767e-06
2.424775337797389045e-06
2.318155140610228369e-06
2.216223157737615871e-06
2.118773242932979336e-06
2.025608314440428773e-06
1.936539956418536027e-06
1.851388037889985442e-06
1.769980348446438737e-06
1.692152249971886001e-06
1.617746343680134911e-06
1.546612151793034886e-06
1.478605813215695387e-06
1.413589792593205053e-06
1.351432602160480120e-06
1.292008535822690299e-06
1.235197414928478327e-06
1.180884345221831850e-06
1.128959484481061457e-06
1.079317820374964160e-06
1.031858958086909612e-06
9.864869172773466195e-07
9.431099379740973810e-07
9.016402949978900712e-07
8.619941205478108505e-07
8.240912345878824155e-07
7.878549826917436149e-07
7.532120810174848092e-07
7.200924680991243389e-07
6.884291631549803070e-07
6.581581306263947923e-07
6.292181506728446763e-07
6.015506953615327894e-07
5.750998103010708271e-07
5.498120014798632531e-07
5.256361270803401950e-07
5.025232940502459552e-07
4.804267592218071880e-07
4.593018347788079099e-07
4.391057978803848889e-07
4.197978042587735038e-07
4.013388056162576813e-07
3.836914706542750379e-07
3.668201095749630233e-07
3.506906019024600655e-07
3.352703274779890885e-07
3.205281004891667304e-07
3.064341064001205669e-07
2.929598416548634092e-07
2.800780560319798278e-07
2.677626975340447437e-07
2.559888597003179419e-07
2.447327312361620522e-07
2.339715478573113977e-07
2.236835462516069818e-07
2.138479200650862213e-07
2.044447778234155118e-07
1.954551027035675342e-07
1.868607140743836968e-07
1.786442307282431495e-07
1.707890357294784883e-07
1.632792428084471755e-07
1.560996642332950556e-07
1.492357800944362291e-07
1.426737089396287863e-07
1.364001797002622459e-07
1.304025048520774326e-07
1.246685547560417163e-07
1.191867331274853719e-07
1.139459535838887899e-07
1.089356172238905185e-07
1.041455911921728865e-07
9.956618818687444703e-08
9.518814686808499029e-08
9.100261312780251159e-08
8.700112218347155019e-08
8.317558145888952762e-08
7.951825421785973870e-08
7.602174391749167388e-08
7.267897924950487220e-08
6.948319983928413909e-08
6.642794257376405696e-08
6.350702853049198006e-08
6.071455048143590516e-08
5.804486094626397835e-08
5.549256077093570385e-08
5.305248820850511503e-08
5.071970848005467855e-08
4.848950379464613312e-08
4.635736380810654499e-08
4.431897650135216448e-08
4.237021945980300962e-08
4.050715153625218991e-08
3.872600488032789345e-08
3.702317731843003270e-08
3.539522506872927497e-08
3.383885577649619873e-08
3.235092185567563563e-08
3.092841412323891012e-08
2.956845571344193491e-08
2.826829625967957956e-08
2.702530633217149470e-08
2.583697212022880880e-08
2.470089034834788002e-08
2.361476341584964482e-08
2.257639475023412096e-08
2.158368436485394799e-08
2.063462461192171933e-08
1.972729612226268803e-08
1.885986392360144424e-08
1.803057372953173345e-08
1.723774839166493551e-08
1.647978450778135929e-08
1.575514917912542793e-08
1.506237691028612874e-08
1.440006664539335058e-08
1.376687893463629513e-08
1.316153322537316220e-08
1.258280527235406226e-08
1.202952466181935948e-08
1.150057244446626601e-08
1.099487887249680840e-08
1.051142123617020032e-08
1.004922179548476258e-08
9.607345802806047091e-09
9.184899612442312088e-09
8.781028873344298614e-09
8.394916801273904478e-09
8.025782526947820865e-09
7.672879516815025021e-09
7.335494063274702331e-09
7.012943841280922394e-09
6.704576528415110854e-09
6.409768485635621358e-09
6.127923496036160378e-09
5.858471559062603212e-09
5.600867737749397248e-09
5.354591056644369772e-09
5.119143448193096360e-09
4.894048745451886869e-09
4.678851719092468344e-09
4.473117156750586112e-09
4.276428982856811650e-09
4.088389417169352875e-09
3.908618170307171874e-09
3.736751674656477332e-09
3.572442349095105816e-09
3.415357896047885131e-09
3.265180629451249005e-09
3.121606832268027993e-09
2.984346142253119332e-09
2.853120964727677485e-09
2.727665911174380297e-09
2.607727262518257330e-09
2.493062456007728858e-09
2.383439594658064366e-09
2.278636978265168671e-09
2.178442655041279327e-09
2.082653992965718184e-09
1.991077269983894538e-09
