5.874116683593750474e-06
5.615824927923686023e-06
5.368890561737127377e-06
5.132814187383741622e-06
4.907118366309847106e-06
4.691346653491307081e-06
4.485062674323596623e-06
4.287849242102061072e-06
4.099307514307587964e-06
3.919056185991412334e-06
3.746730718627684340e-06
3.581982602874347602e-06
3.424478653751225428e-06
3.273900336809974894e-06
3.129943123933141609e-06
2.992315877459456104e-06
2.860740261389881456e-06
2.734950178483600305e-06
2.614691232105553955e-06
2.499720211737179673e-06
2.389804601109823367e-06
2.284722107966121710e-06
2.184260214498292841e-06
2.088215747554222364e-06
1.996394467742042793e-06
1.908610676602295489e-06
1.824686841053180849e-06
1.744453234349380297e-06
1.667747592828353106e-06
1.594414787749885357e-06
1.524306511565238604e-06
1.457280977981417405e-06
1.393202635213951613e-06
1.331941891848293046e-06
1.273374854755401987e-06
1.217383078531497512e-06
1.163853325955225075e-06
1.112677338977807965e-06
1.063751619783029261e-06
1.016977221474254405e-06
9.722595479651973224e-07
9.295081626697190070e-07
8.886366056037578469e-07
8.495622185295025739e-07
8.122059777881813195e-07
7.764923344833834220e-07
7.423490616917099302e-07
7.097071083917510556e-07
6.785004598159721613e-07
6.486660039430941638e-07
6.201434038609582773e-07
5.928749757417432930e-07
5.668055721827568966e-07
5.418824706768648675e-07
5.180552669870105428e-07
4.952757732091758893e-07
4.734979203176356845e-07
4.526776649954100355e-07
4.327729005614906908e-07
4.137433718146993673e-07
3.955505936219632158e-07
3.781577730863576171e-07
3.615297351375096848e-07
3.456328513938808265e-07
3.304349721530554240e-07
3.159053613724970138e-07
3.020146345092764062e-07
2.887346990930581806e-07
2.760386979121645535e-07
2.639009546978109349e-07
2.522969221966721111e-07
2.412031325267563913e-07
2.305971497161901744e-07
2.204575243289279024e-07
2.107637500856219684e-07
2.014962223919234197e-07
1.926361986903419987e-07
1.841657605554809369e-07
1.760677774559886964e-07
1.683258721099390335e-07
1.609243873635768156e-07
1.538483545264425201e-07
1.470834630988391691e-07
1.406160318304174165e-07
1.344329810513484681e-07
1.285218062201276390e-07
1.228705526345118828e-07
1.174677912544463279e-07
1.123025955880856147e-07
1.073645195941634744e-07
1.026435765560208283e-07
9.813021888456754728e-08
9.381531880933173454e-08
8.969014991854553251e-08
8.574636951093548253e-08
8.197600172352479281e-08
7.837142140132603615e-08
7.492533867630212712e-08
7.163078422440852693e-08
6.848109517090018986e-08
6.546990161539881911e-08
6.259111374946864247e-08
5.983890954064715232e-08
5.720772295802379952e-08
5.469223271555305756e-08
5.228735151033782685e-08
4.998821573411752919e-08
4.779017563715439499e-08
4.568878592462494443e-08
4.367979676649926406e-08
4.175914520272604671e-08
3.992294692634205381e-08
3.816748842788761060e-08
3.648921948524129680e-08
3.488474598368542691e-08
3.335082305168166083e-08
3.188434849847440407e-08
3.048235654025053324e-08
2.914201180216723731e-08
2.786060358411759937e-08
2.663554037863715424e-08
2.546434462986458467e-08
2.434464772295680225e-08
2.327418519382556984e-08
2.225079214950734209e-08
2.127239888990498517e-08
2.033702672204637070e-08
1.944278395839520220e-08
1.858786209112045581e-08
1.777053213458794075e-08
1.698914112867658939e-08
1.624210879584799245e-08
1.552792434520866882e-08
1.484514341710115942e-08
1.419238516204532813e-08
1.356832944812176674e-08
1.297171419114985749e-08
1.240133280226118742e-08
1.185603174770583421e-08
1.133470821595715927e-08
1.083630788739637384e-08
1.035982280206697501e-08
9.904289321186320720e-09
9.468786178291915334e-09
9.052432616081242626e-09
8.654386605176648563e-09
8.273843141213483024e-09
7.910032616807064140e-09
7.562219265106220230e-09
7.229699671785638865e-09
6.911801352467545603e-09
6.607881392695937875e-09
6.317325147712594811e-09
6.039544999405585068e-09
5.773979167916104329e-09
5.520090575500362678e-09
5.277365760348843239e-09
5.045313838166107460e-09
4.823465509411231604e-09
4.611372110190977868e-09
4.408604704886301157e-09
4.214753218677190571e-09
4.029425608211309501e-09
3.852247068739381902e-09
3.682859276113716819e-09
3.520919662116938421e-09
3.366100721655401498e-09
3.218089350416051374e-09
3.076586211647353654e-09
2.941305130783540702e-09
2.811972516687991799e-09
2.688326808345175985e-09
2.570117945882203487e-09
2.457106864850202141e-09
2.349065012742685174e-09
2.245773886773217182e-09
2.147024591977501265e-09
2.052617418746239425e-09
1.962361438934385029e-09
1.876074119729907607e-09
1.793580954501235049e-09
1.714715109876729597e-09
1.639317088342521280e-09
1.567234405676286793e-09
1.498321282564642229e-09
1.432438349780496002e-09
1.369452366324072505e-09
1.309235949957625265e-09
1.251667319588841537e-09
1.196630048981942754e-09
1.144012831298414711e-09
1.093709253991132506e-09
1.045617583596677182e-09
9.996405599905598903e-10
9.556851996893053323e-10
9.136626078015623516e-10
8.734877982479361006e-10
8.350795218859818335e-10
7.983601021927230957e-10
7.632552781724196828e-10
