4.155244084726277258e-06
3.972533160226054127e-06
3.797856247988657584e-06
3.630860083132874461e-06
3.471206934245985846e-06
3.318573920359042154e-06
3.172652357955549300e-06
3.033147136692944643e-06
2.899776122574316454e-06
2.772269587363371647e-06
2.650369663088672733e-06
2.533829820533989430e-06
2.422414370660003964e-06
2.315897987949101406e-06
2.214065254709253789e-06
2.116710225415372386e-06
2.023636010207098668e-06
1.934654376700667316e-06
1.849585369309572136e-06
1.768256945304150753e-06
1.690504626874041230e-06
1.616171168489874412e-06
1.545106238891437176e-06
1.477166117059216743e-06
1.412213401554401083e-06
1.350116732639557441e-06
1.290750526617981781e-06
1.233994721854455047e-06
1.179734535963768199e-06
1.127860233675944879e-06
1.078266904908702371e-06
1.030854252598328630e-06
9.855263898598790902e-07
9.421916460664762411e-07
9.007623814555300129e-07
8.611548098869385549e-07
8.232888293948151291e-07
7.870878601900558318e-07
7.524786897861225776e-07
7.193913249348238063e-07
6.877588500726540621e-07
6.575172919914126720e-07
6.286054904594101437e-07
6.009649745316142294e-07
5.745398442985830032e-07
5.492766578350318690e-07
5.251243231194063320e-07
5.020339947058780686e-07
4.799589749397903622e-07
4.588546195167790191e-07
4.386782471945663814e-07
4.193890534748340222e-07
4.009480280806042843e-07
3.833178760622362671e-07
3.664629423724847423e-07
3.503491397580808929e-07
3.349438798220033313e-07
3.202160071170232256e-07
3.061357361372318355e-07
2.926745910801238811e-07
2.798053482574131819e-07
2.675019810381114725e-07
2.557396072125232030e-07
2.444944386707088443e-07
2.337437332936429395e-07
2.234657489597746834e-07
2.136396995739743728e-07
2.042457130299365854e-07
1.952647910210276241e-07
1.866787706182947833e-07
1.784702875379366403e-07
1.706227410239452959e-07
1.631202602748990218e-07
1.559476723470089266e-07
1.490904714685058427e-07
1.425347897033083449e-07
1.362673689046450016e-07
1.302755339019075480e-07
1.245471668665097322e-07
1.190706828049090781e-07
1.138350061292292841e-07
1.088295482580991486e-07
1.040441862024093107e-07
9.946924209267771940e-08
9.509546360662109880e-08
9.091400525734874720e-08
8.691641050433616253e-08
8.309459465100000968e-08
7.944082849428683196e-08
7.594772269320825373e-08
7.260821282470993539e-08
6.941554509665135112e-08
6.636326268900271922e-08
6.344519269563491850e-08
6.065543364029461669e-08
5.798834354151641811e-08
5.543852850233443065e-08
5.300083180171789721e-08
5.067032346566893937e-08
4.844229029689118675e-08
4.631222634286568624e-08
4.427582378305650114e-08
4.232896421681654204e-08
4.046771033437443741e-08
3.868829795405745351e-08
3.698712840964752014e-08
3.536076127247359292e-08
3.380590739352246644e-08
3.231942225149587625e-08
3.089829959336137863e-08
2.953966535453546787e-08
2.824077184640357963e-08
2.699899219942138047e-08
2.581181505055948302e-08
2.467683946434738733e-08
2.359177007724506033e-08
2.255441245552207706e-08
2.156266865725631653e-08
2.061453298947669063e-08
1.970808795186929014e-08
1.884150035884345041e-08
1.801301763211517765e-08
1.722096425630984142e-08
1.646373839041635197e-08
1.573980862823945893e-08
1.504771090129892070e-08
1.438604551791156734e-08
1.375347433246867021e-08
1.314871803918319184e-08
1.257055358483436528e-08
1.201781169527676232e-08
1.148937451071163799e-08
1.098417332493829600e-08
1.050118642401297780e-08
1.003943701994469283e-08
9.597991275248646620e-09
9.175956414362416295e-09
8.772478918105461128e-09
8.386742797530159455e-09
8.017967943673830148e-09
7.665408549873906092e-09
7.328351603455883592e-09
7.006115443743425457e-09
6.698048383474449601e-09
6.403527390835232252e-09
6.121956829446876696e-09
5.852767253756188074e-09
5.595414257394518557e-09
5.349377372175622796e-09
5.114159015505932101e-09
4.889283484078322698e-09
4.674295991814446733e-09
4.468761750109755621e-09
4.272265088521321617e-09
4.084408614119969676e-09
3.904812407806688900e-09
3.733113255967984815e-09
3.568963915916185883e-09
3.412032413629252080e-09
3.262001372369739080e-09
3.118567370825171375e-09
2.981440329471780676e-09
2.850342923920470162e-09
2.725010024058706813e-09
2.605188157853960808e-09
2.490634998734333894e-09
2.381118875509689872e-09
2.276418303842075439e-09
2.176321538317985323e-09
2.080626144216479398e-09
1.989138588107203285e-09
1.901673846450259140e-09
1.818055031406397100e-09
1.738113033100797536e-09
1.661686177616889574e-09
1.588619900028619425e-09
1.518766431809845267e-09
1.451984501988707600e-09
1.388139051442611915e-09
1.327100959755958800e-09
1.268746784088294181e-09
1.212958509524700053e-09
1.159623310403594070e-09
1.108633322139209243e-09
1.059885423077305248e-09
1.013281025942950284e-09
9.687258784585713384e-10
9.261298727290740083e-10
8.854068630085158769e-10
8.464744914797836383e-10
8.092540216949591375e-10
7.736701793394860989e-10
7.396509999981403253e-10
7.071276836148915895e-10
6.760344553523472854e-10
6.463084325693639657e-10
6.178894976478021916e-10
5.907201764112511443e-10
5.647455218898077823e-10
5.399130031958683119e-10
