5.679482970855277390e-07
5.786898815043816445e-07
5.896346210984854212e-07
6.007863581338984311e-07
6.121490075453102129e-07
6.237265583104203652e-07
6.355230748503119669e-07
6.475426984563080108e-07
6.597896487438172720e-07
6.722682251336753952e-07
6.849828083615078435e-07
6.979378620156470691e-07
7.111379341041657002e-07
7.245876586516151736e-07
7.382917573261322980e-07
7.522550410977324068e-07
7.664824119288970167e-07
7.809788644991937897e-07
7.957494879668624936e-07
8.107994677726034274e-07
8.261340874949837163e-07
8.417587307742604693e-07
8.576788833339842565e-07
8.739001351503364601e-07
8.904281828518487889e-07
9.072688324821726537e-07
9.244280028326502534e-07
9.419117296574583117e-07
9.597261712307731327e-07
9.778776159015964767e-07
9.963724925553360369e-07
1.015217385207285371e-06
1.034419053332791595e-06
1.053984459977156525e-06
1.073920810172353309e-06
1.094235602695641707e-06
1.114936698705762294e-06
1.136032411245074531e-06
1.157531619952838122e-06
1.179443915543232556e-06
1.201779778608337363e-06
1.224550797062026128e-06
1.247769926005408840e-06
1.271451792942495528e-06
1.295613050098871872e-06
1.320272774111039038e-06
1.345452911597427206e-06
1.371178767154514110e-06
1.397479528223919538e-06
1.424388819145677877e-06
1.451945274656432677e-06
1.480193121219562547e-06
1.509182752994028946e-06
1.538971288055707699e-06
1.569623089757605092e-06
1.601210237909679281e-06
1.633812934805532402e-06
1.667519832025315133e-06
1.702428265378675963e-06
1.738644387271341435e-06
1.776283188116390842e-06
1.815468401084308008e-06
1.856332287402786439e-06
1.899015302483235868e-06
1.943665646273466091e-06
1.990438704329244498e-06
2.039496389085297537e-06
2.091006393624296925e-06
2.145141372836483738e-06
2.202078069188588940e-06
2.261996402339393797e-06
2.325078543514681962e-06
2.391507996847740314e-06
2.461468710760954346e-06
2.535144242860550598e-06
2.612717001687175105e-06
2.694367587954138398e-06
2.780274256561271222e-06
2.870612518654309634e-06
2.965554900286073430e-06
3.065270870832729212e-06
3.169926950268330360e-06
3.279686999787175327e-06
3.394712695214107348e-06
3.515164177328964512e-06
3.641200867861916417e-06
3.772982434729949001e-06
3.910669885335505109e-06
4.054426762690816331e-06
4.204420416002733671e-06
4.360823315354306057e-06
4.523814379398546323e-06
4.693580285617169169e-06
4.870316734694083059e-06
5.054229643827473994e-06
5.245536248191095921e-06
5.444466095014630446e-06
5.651261920585666041e-06
5.866180406542224032e-06
6.089492817771402630e-06
6.321485529714286661e-06
6.562460457597642180e-06
6.812735403828460695e-06
7.072644342339277322e-06
7.342537659993606838e-06
7.622782375277847356e-06
7.913762353533837073e-06
8.215878536110745789e-06
8.529549198273727364e-06
8.855210247763506973e-06
9.193315572818431061e-06
9.544337445487792326e-06
9.908766983378481513e-06
1.028711467072643431e-05
1.067991093794928273e-05
1.108770679763898698e-05
1.151107453426301553e-05
1.195060844459382358e-05
1.240692562598828146e-05
1.288066680999261034e-05
1.337249723925790810e-05
1.388310758633346363e-05
1.441321491349401472e-05
1.496356367330661239e-05
1.553492675012715739e-05
1.612810654312230512e-05
1.674393609174289327e-05
1.738328024483476027e-05
1.804703687477801998e-05
1.873613813820455435e-05
1.945155178497334487e-05
2.019428251718953710e-05
2.096537340014705859e-05
2.176590732716172596e-05
2.259700854034383426e-05
2.345984420944269500e-05
2.435562607097865607e-05
2.528561212996340262e-05
2.625110842659862865e-05
2.725347087043350345e-05
2.829410714455711257e-05
2.937447868249978003e-05
3.049610272061970014e-05
3.166055442885718635e-05
3.286946912284855225e-05
3.412454456050703969e-05
3.542754332629494352e-05
3.678029530653623342e-05
3.818470025924570294e-05
3.964273048208299586e-05
4.115643358217935965e-05
4.272793535172598312e-05
4.435944275336314716e-05
4.605324701956174145e-05
4.781172687035103189e-05
4.963735185391064415e-05
5.153268581471830937e-05
5.350039049412443494e-05
5.554322926840933827e-05
5.766407102957287774e-05
5.986589421430765263e-05
6.215179098681155353e-05
6.452497158131675035e-05
6.698876881043078050e-05
6.954664274562335482e-05
7.220218557643128107e-05
7.495912665520409102e-05
7.782133773447830899e-05
8.079283840433161849e-05
8.387780173735671690e-05
8.708056014917930541e-05
9.040561148275262908e-05
9.385762532497274433e-05
9.744144956448372102e-05
1.011621171998856248e-04
1.050248534079020068e-04
1.090350828814383547e-04
1.131984374478321449e-04
1.175207639779960182e-04
1.220081325975614045e-04
1.266668452115515689e-04
1.315034443545599744e-04
1.365247223788578314e-04
1.417377309933394696e-04
1.471497911666973246e-04
1.527685034087370439e-04
1.586017584442700565e-04
1.646577482945739748e-04
1.709449777819834404e-04
1.774722764737687083e-04
1.842488110820724378e-04
1.912840983373248894e-04
1.985880183532079271e-04
2.061708285019464505e-04
2.140431778194055458e-04
2.222161219602269804e-04
2.307011387240095871e-04
2.395101441743309099e-04
2.486555093732561636e-04
2.581500777548272757e-04
