2.209352182301461509e-06
2.269653417432733415e-06
2.333141191923896289e-06
2.399999112527884120e-06
2.470411123204560470e-06
2.544560678297940491e-06
2.622629995430466122e-06
2.704799410614723683e-06
2.791246856657262191e-06
2.882147483825484732e-06
2.977673438948361261e-06
3.077993815635199448e-06
3.183274784171326905e-06
3.293679904973804834e-06
3.409370624397975124e-06
3.530506946352723484e-06
3.657248267822118925e-06
3.789754361245034404e-06
3.928186482027201426e-06
4.072708575505717068e-06
4.223488554687707821e-06
4.380699618237969178e-06
4.544521577635567879e-06
4.715142163227074841e-06
4.892758281065866709e-06
5.077577195849789045e-06
5.269817619778928528e-06
5.469710692503126291e-06
5.677500843209367961e-06
5.893446531970232723e-06
6.117820873381566230e-06
6.350912150922948984e-06
6.593024235081418662e-06
6.844476921856967687e-06
7.105606210669104857e-06
7.376764541852175552e-06
7.658321013901272600e-06
7.950661599534627815e-06
8.254189377666562837e-06
8.569324795779502085e-06
8.896505974208678572e-06
9.236189060770898549e-06
9.588848641213029784e-06
9.954978208316920044e-06
1.033509069030762824e-05
1.072971903754391064e-05
1.113941686533715056e-05
1.156475915011427835e-05
1.200634297594000526e-05
1.246478832855224227e-05
1.294073893444287841e-05
1.343486314303895137e-05
1.394785485062524438e-05
1.448043446523547121e-05
1.503334991228201573e-05
1.560737768116865579e-05
1.620332391352743997e-05
1.682202553404117906e-05
1.746435142506627387e-05
1.813120364646816107e-05
1.882351870223741120e-05
1.954226885557962154e-05
2.028846349427772743e-05
2.106315054821744517e-05
2.186741796105313976e-05
2.270239521807350882e-05
2.356925493240965923e-05
2.446921449181167400e-05
2.540353776830540171e-05
2.637353689313051241e-05
2.738057409945212608e-05
2.842606363543376382e-05
2.951147375035861355e-05
3.063832875658782385e-05
3.180821117025202480e-05
3.302276393368215157e-05
3.428369272270077888e-05
3.559276834201405705e-05
3.695182921206862373e-05
3.836278395086545605e-05
3.982761405435686515e-05
4.134837667919090870e-05
4.292720753171078759e-05
4.456632386726690090e-05
4.626802760405338639e-05
4.803470855584236412e-05
4.986884778815546472e-05
5.177302110258648240e-05
5.374990265416779113e-05
5.580226870686093949e-05
5.793300153244574263e-05
6.014509345828283459e-05
6.244165106963442424e-05
6.482589957244527866e-05
6.730118732271000829e-05
6.987099052878820334e-05
7.253891813327120871e-05
7.530871688125594121e-05
7.818427658214380704e-05
8.116963557235439800e-05
8.426898638662526559e-05
8.748668164586234967e-05
9.082724016981014929e-05
9.429535332312525111e-05
9.789589160376683413e-05
1.016339114829547944e-04
1.055146625063031740e-04
1.095435946660997873e-04
1.137263660550867162e-04
1.180688508124896023e-04
1.225771473734556857e-04
1.272575870334843276e-04
1.321167428398793914e-04
1.371614388227088664e-04
1.423987595782368032e-04
1.478360602182842830e-04
1.534809766994936085e-04
1.593414365470017992e-04
1.654256699875820654e-04
1.717422215078890811e-04
1.782999618540397296e-04
1.851081004893817799e-04
1.921761985279456676e-04
1.995141821617409605e-04
2.071323566007572594e-04
2.150414205452435027e-04
2.232524812105925150e-04
2.317770699259285054e-04
2.406271583283078603e-04
2.498151751752697089e-04
2.593540237993527311e-04
2.692571002290902868e-04
2.795383120019254543e-04
2.902120976954782592e-04
3.012934472045808790e-04
3.127979227925680740e-04
3.247416809463817195e-04
3.371414950661787559e-04
3.500147790213151752e-04
3.633796116057799556e-04
3.772547619274281496e-04
3.916597157666639145e-04
4.066147029415962820e-04
4.221407257180962336e-04
4.382595883046477066e-04
4.549939274734279187e-04
4.723672443505996625e-04
4.904039374204840519e-04
5.091293367899436817e-04
5.285697397611074065e-04
5.487524477623921667e-04
5.697058046896807688e-04
5.914592367115097853e-04
6.140432935941577634e-04
6.374896916046813829e-04
6.618313580521434760e-04
6.871024775295784702e-04
7.133385399216611925e-04
7.405763902454589459e-04
7.688542803943059943e-04
7.982119228574370128e-04
8.286905464908225208e-04
8.603329544175583338e-04
8.931835841390789888e-04
9.272885699416475499e-04
9.626958076857523297e-04
9.994550220693912412e-04
1.037617836459713786e-03
1.077237845391091969e-03
1.118370689831426614e-03
1.161074135322393052e-03
1.205408153103372038e-03
1.251435004332972743e-03
1.299219327526453770e-03
1.348828229331810969e-03
1.400331378772030986e-03
1.453801105085847367e-03
1.509312499304430984e-03
1.566943519706618781e-03
1.626775101300822774e-03
1.688891269487359384e-03
1.753379258060804502e-03
1.820329631718109768e-03
1.889836413244531466e-03
1.961997215555969388e-03
2.036913378783167163e-03
2.114690112590275010e-03
2.195436643927654516e-03
2.279266370426449341e-03
2.366297019650255660e-03
2.456650814427639370e-03
2.550454644497674155e-03
2.647840244709447413e-03
2.748944380025960046e-03
2.853909037592080884e-03
2.962881626136365954e-03
3.076015182986803313e-03
3.193468588991088195e-03
3.315406791643419997e-03
3.442001036731038872e-03
