2.073853958735915370e-07
2.113076679332930737e-07
2.153041217744334843e-07
2.193761603942078001e-07
2.235252133246430752e-07
2.277527371344511149e-07
2.320602159403719683e-07
2.364491619281888716e-07
2.409211158835970145e-07
2.454776477331122431e-07
2.501203570952109406e-07
2.548508738418920125e-07
2.596708586708616192e-07
2.645820036885379594e-07
2.695860330040832580e-07
2.746847033346701114e-07
2.798798046221960643e-07
2.851731606616613022e-07
2.905666297414309555e-07
2.960621052956070124e-07
3.016615165687383760e-07
3.073668292931017394e-07
3.131800463787938857e-07
3.191032086168731137e-07
3.251383953958011979e-07
3.312877254314342762e-07
3.375533575108205861e-07
3.439374912500649302e-07
3.504423678665275331e-07
3.570702709656268579e-07
3.638235273425233097e-07
3.707045077989651459e-07
3.777156279755833152e-07
3.848593491999278211e-07
3.921381793505421249e-07
3.995546737373811028e-07
4.071114359988785996e-07
4.148111190159830644e-07
4.226564258434784292e-07
4.306501106589205718e-07
4.387949797295201317e-07
4.470938923973121314e-07
4.555497620829578872e-07
4.641655573085328460e-07
4.729443027396564731e-07
4.818890802473334952e-07
4.910030299898769197e-07
5.002893515152940983e-07
5.097513048845211835e-07
5.193922118159024425e-07
5.292154568513138559e-07
5.392244885443423966e-07
5.494228206709376212e-07
5.598140334629586686e-07
5.704017748650533105e-07
5.811897618153062279e-07
5.921817815501106312e-07
6.033816929337169132e-07
6.147934278129261121e-07
6.264209923974091899e-07
6.382684686661264680e-07
6.503400158003504604e-07
6.626398716437916449e-07
6.751723541903385663e-07
6.879418630999442096e-07
7.009528812431895204e-07
7.142099762750973025e-07
7.277178022387944978e-07
7.414811011997144506e-07
7.555047049112051421e-07
7.697935365127626991e-07
7.843526122628308340e-07
7.991870433095232216e-07
8.143020375052447339e-07
8.297029012759961697e-07
8.453950415644986463e-07
8.613839678804009551e-07
8.776752945138073638e-07
8.942747430045200058e-07
9.111881450143109818e-07
9.284214458302371826e-07
9.459807088415748044e-07
9.638721214902740839e-07
9.821020034035667826e-07
1.000676817684871751e-06
1.019603186669917155e-06
1.038887913848849840e-06
1.058538014105305621e-06
1.078560754915274448e-06
1.098963711657991026e-06
1.119754840684564761e-06
1.140942574225162339e-06
1.162535941542979379e-06
1.184544720909888152e-06
1.206979626931652219e-06
1.229852537442452063e-06
1.253176763582017527e-06
1.276967365742000759e-06
1.301241516819113223e-06
1.326018912660733221e-06
1.351322227777363572e-06
1.377177612391012028e-06
1.403615224774320838e-06
1.430669790711939257e-06
1.458381179891922837e-06
1.486794987221079860e-06
1.515963105559120378e-06
1.545944275274375446e-06
1.576804595412406713e-06
1.608617981188504055e-06
1.641466552990090333e-06
1.675440943102594383e-06
1.710640507923484086e-06
1.747173435451592930e-06
1.785156740261305070e-06
1.824716140908568168e-06
1.865985817675324879e-06
1.909108051645939435e-06
1.954232749232283502e-06
2.001516859339417199e-06
2.051123693317968560e-06
2.103222160620086943e-06
2.157985935612045507e-06
2.215592573255054821e-06
2.276222593308903194e-06
2.340058554303969261e-06
2.407284139727051550e-06
2.478083279631477093e-06
2.552639331162454965e-06
2.631134341230177445e-06
2.713748413711232944e-06
2.800659202062785209e-06
2.892041546056994039e-06
2.988067268469263119e-06
3.088905143996682388e-06
3.194721048494486187e-06
3.305678291891390037e-06
3.421938133017752492e-06
3.543660469234141628e-06
3.671004688398435559e-06
3.804130665601098084e-06
3.943199882485761531e-06
4.088376643108616495e-06
4.239829357405202058e-06
4.397731861617674749e-06
4.562264744623042219e-06
4.733616650055756714e-06
4.911985526419257542e-06
5.097579800928675600e-06
5.290619457437927434e-06
5.491337004224187838e-06
5.699978323319864088e-06
5.916803399152785246e-06
6.142086930124406956e-06
6.376118832090041667e-06
6.619204647212472816e-06
6.871665875119084132e-06
7.133840245564165847e-06
7.406081952836169626e-06
7.688761872003646209e-06
7.982267775894439155e-06
8.287004569651654185e-06
8.603394557052925293e-06
8.931877749780624346e-06
9.272912227751824930e-06
9.626974555686425790e-06
9.994560258495049709e-06
1.037618435593182514e-05
1.077238195534557108e-05
1.118370890028640456e-05
1.161074247214294991e-05
1.205408214182585272e-05
1.251435036868205416e-05
1.299219344422189746e-05
1.348828237877461281e-05
1.400331382977595112e-05
1.453801107097556946e-05
1.509312500238763809e-05
1.566943520127489137e-05
1.626775101484479412e-05
1.688891269564903665e-05
1.753379258092444448e-05
1.820329631730569921e-05
1.889836413249259550e-05
1.961997215557696251e-05
2.036913378783770562e-05
2.114690112590474096e-05
2.195436643927721032e-05
2.279266370426469182e-05
2.366297019650256175e-05
2.456650814427636660e-05
2.550454644497668558e-05
2.647840244709440406e-05
2.748944380025953623e-05
2.853909037592074216e-05
2.962881626136359015e-05
3.076015182986794992e-05
3.193468588991078843e-05
3.315406791643414250e-05
3.442001036731030117e-05
