1.233812456554396428e-06
1.188433749560877321e-06
1.144724037751728058e-06
1.102621936722012993e-06
1.062068319739683297e-06
1.023006234710036112e-06
9.853808241941694102e-07
9.491392483690946194e-07
9.142306108213208822e-07
8.806058870696961518e-07
8.482178557171310834e-07
8.170210321345215684e-07
7.869716045837479563e-07
7.580273726900870214e-07
7.301476881777053824e-07
7.032933977851631005e-07
6.774267882811109059e-07
6.525115335036181692e-07
6.285126433500289671e-07
6.053964146479822922e-07
5.831303838425901213e-07
5.616832814400173914e-07
5.410249881542754031e-07
5.211264927124774642e-07
5.019598512845055209e-07
4.834981485165879909e-07
4.657154601648608409e-07
4.485868173445464967e-07
4.320881724324254466e-07
4.161963666835171353e-07
4.008890996454533457e-07
3.861449004731172166e-07
3.719431012583993713e-07
3.582638124915081168e-07
3.450879007573379623e-07
3.323969687395021658e-07
3.201733375534291685e-07
3.084000313576160286e-07
2.970607640999706995e-07
2.861399281478089932e-07
2.756225844314392283e-07
2.654944536104665286e-07
2.557419076586320888e-07
2.463519611675827145e-07
2.373122616026621634e-07
2.286110777136436772e-07
2.202372853170963826e-07
2.121803497286271713e-07
2.044303042329052109e-07
1.969777241337749938e-07
1.898136961189618241e-07
1.829297828938975738e-07
1.763179832747584783e-07
1.699706881683039778e-07
1.638806330916880366e-07
1.580408480859732718e-07
1.524446060412819371e-07
1.470853705704983310e-07
1.419567446363521658e-07
1.370524211509911341e-07
1.323661367285057204e-07
1.278916296829986333e-07
1.236226032339915915e-07
1.195526947154579068e-07
1.156754513940647840e-07
1.119843132963558668e-07
1.084726032335035549e-07
1.051335240050776853e-07
1.019601625679542918e-07
9.894550077941064514e-08
9.608243216929288034e-08
9.336378406784396293e-08
9.078234431469348132e-08
8.833089170065014298e-08
8.600222924626212555e-08
8.378921939791610426e-08
8.168482022144460326e-08
7.968212169263103091e-08
7.777438122158813142e-08
7.595505760187460239e-08
7.421784264378709297e-08
7.255668983303911851e-08
7.096583944957893621e-08
6.943983968505227254e-08
6.797356340956044121e-08
6.656222035672264638e-08
6.520136461797617962e-08
6.388689745948558730e-08
6.261506559454156377e-08
6.138245515724145870e-08
6.018598172584592283e-08
5.902287683295572822e-08
5.789067147141508471e-08
5.678717715712166469e-08
5.571046514103215028e-08
5.465884437188948116e-08
5.363083879891086834e-08
5.262516457126803289e-08
5.164070764105105979e-08
5.067650221177045047e-08
4.973171039918131476e-08
4.880560338955374421e-08
4.789754429680350460e-08
4.700697283828359619e-08
4.613339187322038279e-08
4.527635578078381897e-08
4.443546059881164431e-08
4.361033580056861313e-08
4.280063755600039465e-08
4.200604330530754945e-08
4.122624746517418001e-08
4.046095808998281864e-08
3.970989431985315588e-08
3.897278446225141433e-08
3.824936457220009512e-08
3.753937741593365659e-08
3.684257172268154904e-08
3.615870164795461536e-08
3.548752638848146475e-08
3.482880990335395700e-08
3.418232070784685626e-08
3.354783171585939292e-08
3.292512011421600435e-08
3.231396725747815050e-08
3.171415857580701475e-08
3.112548349111610277e-08
3.054773533856472184e-08
2.998071129161860027e-08
2.942421228964022704e-08
2.887804296741819217e-08
2.834201158630454298e-08
2.781592996677644612e-08
2.729961342231848316e-08
2.679288069456292905e-08
2.629555388964768351e-08
2.580745841576101795e-08
2.532842292184786594e-08
2.485827923745477749e-08
2.439686231369168951e-08
2.394401016528986283e-08
2.349956381373495547e-08
2.306336723145624011e-08
2.263526728705132597e-08
2.221511369152773716e-08
2.180275894554247109e-08
2.139805828762074697e-08
2.100086964333598108e-08
2.061105357543307556e-08
2.022847323487745462e-08
1.985299431281285464e-08
1.948448499341066275e-08
1.912281590759476322e-08
1.876786008762492452e-08
1.841949292252366584e-08
1.807759211433012539e-08
1.774203763516611771e-08
1.741271168509907008e-08
1.708949865078711132e-08
1.677228506489183376e-08
1.646095956624432885e-08
1.615541286075070908e-08
1.585553768302328892e-08
1.556122875872386245e-08
1.527238276760613381e-08
1.498889830724401941e-08
1.471067585743320239e-08
1.443761774525361917e-08
1.416962811078027540e-08
1.390661287343063852e-08
1.364847969893664103e-08
1.339513796692981987e-08
1.314649873912800793e-08
1.290247472811265238e-08
1.266298026668564756e-08
1.242793127779494538e-08
1.219724524501843667e-08
1.197084118359571553e-08
1.174863961199745154e-08
1.153056252402264549e-08
1.131653336141367863e-08
1.110647698697976705e-08
1.090031965821922240e-08
1.069798900143138712e-08
1.049941398630910359e-08
1.030452490100274413e-08
1.011325332764715934e-08
9.925532118342834719e-09
9.741295371582958694e-09
9.560478409117963462e-09
9.383017753249571008e-09
9.208851104546264510e-09
9.037917319972407949e-09
8.870156391423375744e-09
8.705509424659037683e-09
8.543918618628333184e-09
8.385327245177616010e-09
8.229679629135606046e-09
8.076921128768059368e-09
7.926998116595209958e-09
7.779857960565266348e-09
