9.188968574972845582e-01
9.066254141892828855e-01
8.931630196445096148e-01
8.784843186147724969e-01
8.625733727856449429e-01
8.454241707662243366e-01
8.270410295353951557e-01
8.074388932548434150e-01
7.866435356455394601e-01
7.646916710908281400e-01
7.416309774894533913e-01
7.175200309618126049e-01
6.924281492135203608e-01
6.664351371133282464e-01
6.396309252624227115e-01
6.121150903768662888e-01
5.839962454441155471e-01
5.553912880132412244e-01
5.264244966947611015e-01
4.972264689406615257e-01
4.679328973298603755e-01
4.386831867227000137e-01
4.096189205555184065e-01
3.808821909854624432e-01
3.526138143142750203e-01
3.249514598543455923e-01
2.980277268742313468e-01
2.719682101827464171e-01
2.468895999737904801e-01
2.228978654403468707e-01
2.000865740562317030e-01
1.785353990136888669e-01
1.583088658258699211e-01
1.394553853499169438e-01
1.220066143431917244e-01
1.059771761335588092e-01
9.136476320636209569e-02
7.815063078463956037e-02
6.630047626776812419e-02
5.576568431756509514e-02
4.648490219765624015e-02
3.838589554015212763e-02
3.138762194078707768e-02
2.540244956069125787e-02
2.033844104016969620e-02
1.610162013946863160e-02
1.259814000510015193e-02
9.736277909821035997e-03
7.428191485468372754e-03
5.591385272950425214e-03
4.149852949795612700e-03
3.034878708154957819e-03
2.185499634928335204e-03
1.548648245420968612e-03
1.079009293582509346e-03
7.386365996415122058e-04
4.963832029043447822e-04
3.272013648285717583e-04
2.113679365222970608e-04
1.336858776332251048e-04
8.270509574216570287e-05
4.999629197318380340e-05
2.950124071500790802e-05
1.697292347971843205e-05
9.510024184396644417e-06
5.183064996481028372e-06
2.744219933402204821e-06
1.409613770415711910e-06
7.014964039086675675e-07
3.377241970338342153e-07
1.570538321180308358e-07
7.043561463445058601e-08
3.041371228882759854e-08
1.262183654493621417e-08
5.025270810625080172e-09
1.915806142470424525e-09
6.979624892487154468e-10
2.424903331091586432e-10
8.016601579522557827e-11
2.516099279693173650e-11
7.479443909558938049e-12
2.100533671060533186e-12
5.558704801312679164e-13
1.382336621003110905e-13
3.221130022989637226e-14
7.012256841323490730e-15
1.421685770240076609e-15
2.675619098367556923e-16
4.658360335293864238e-17
7.476095904055603085e-18
1.101851296311157193e-18
1.485511363325819203e-19
1.824543034078986586e-20
2.032805387635352793e-21
2.045285080967751294e-22
1.849658238136424866e-23
1.496160844493912133e-24
1.076925857721730491e-25
6.860932255329099903e-27
3.847088140516220610e-28
1.887480856448970064e-29
8.053169257562812782e-31
2.968894047684371014e-32
9.393935765037262659e-34
2.533218593210046542e-35
5.779319571159026365e-37
1.106928615504526587e-38
1.765662360204961109e-40
2.325875323961437556e-42
2.508034118510323073e-44
2.193564380379025463e-46
1.541186050672471172e-48
8.611383722955945376e-51
3.786415331082018000e-53
1.295790484781118391e-55
3.411820777222507766e-58
6.828823968538128685e-61
1.025974246497459810e-63
1.141901006933088620e-66
9.286007150000498249e-70
5.438380687999990692e-73
2.259401382270401013e-76
6.554536056389330687e-80
1.305994807955733059e-83
1.756661425559268576e-87
1.566508902320156203e-91
9.087949916207080776e-96
3.362789640344010401e-100
7.774127991480722804e-105
1.098819191640409757e-109
9.283154202359791447e-115
4.578043049092951780e-120
1.285661250556586734e-125
2.003495894961723180e-131
1.686169105278220539e-137
7.450047238646187691e-144
1.677608574855435892e-150
1.866519095397519826e-157
9.933485645347176847e-165
2.444375131786877756e-172
2.684250364907375974e-180
1.267507424631490977e-188
2.475668092114158327e-197
1.920505152031582064e-206
5.671205716850350088e-216
6.097890087498343966e-226
2.279019878095678311e-236
2.820154369052901563e-247
1.098183659576845592e-258
1.276027383213095822e-270
4.184767472995267681e-283
3.654612536458053210e-296
7.997241688670050089e-310
1.086944420850742397e-322
9.881312916824930884e-324
4.940656458412465442e-324
4.940656458412465442e-324
0.000000000000000000e+00
0.000000000000000000e+00
0.000000000000000000e+00
0.000000000000000000e+00
0.000000000000000000e+00
0.000000000000000000e+00
0.000000000000000000e+00
0.000000000000000000e+00
0.000000000000000000e+00
0.000000000000000000e+00
0.000000000000000000e+00
0.000000000000000000e+00
0.000000000000000000e+00
0.000000000000000000e+00
0.000000000000000000e+00
0.000000000000000000e+00
0.000000000000000000e+00
0.000000000000000000e+00
0.000000000000000000e+00
0.000000000000000000e+00
0.000000000000000000e+00
0.000000000000000000e+00
0.000000000000000000e+00
0.000000000000000000e+00
0.000000000000000000e+00
0.000000000000000000e+00
0.000000000000000000e+00
0.000000000000000000e+00
0.000000000000000000e+00
0.000000000000000000e+00
0.000000000000000000e+00
0.000000000000000000e+00
0.000000000000000000e+00
0.000000000000000000e+00
0.000000000000000000e+00
0.000000000000000000e+00
0.000000000000000000e+00
0.000000000000000000e+00
0.000000000000000000e+00
0.000000000000000000e+00
0.000000000000000000e+00
0.000000000000000000e+00
0.000000000000000000e+00
